0.9086732 0.913192 0.9176508 0.9220476 0.92638 0.9306462 0.9348443 0.9389727 0.9430298 0.9470143 0.9509249 0.9547603 0.9585199 0.9622028 0.9658085 0.9693365 0.9727864 0.9761584 0.9794524 0.9826685 0.9858074 0.9888694 0.9918553 0.9947659 0.9976023 1.000365 1.003057 1.005678 1.008229 1.010714 1.013133 1.015488 1.017781 1.020015 1.022191 1.024311 1.026379 1.028394 1.030362 1.032283 1.03416 1.035995 1.037791 1.039551 1.041276 1.042968 1.044631 1.046267 1.047877 1.049463 
0.904339 0.9087885 0.9131808 0.9175134 0.9217844 0.9259922 0.9301348 0.9342106 0.9382183 0.9421563 0.9460237 0.9498193 0.9535425 0.9571922 0.960768 0.9642697 0.9676965 0.9710488 0.9743264 0.9775296 0.9806587 0.9837142 0.9866967 0.9896069 0.9924458 0.9952147 0.9979143 1.000546 1.003112 1.005612 1.00805 1.010425 1.012741  1.015 1.017202 1.01935 1.021447 1.023494 1.025493 1.027447 1.029357 1.031227 1.033058 1.034852 1.036612 1.03834 1.040038 1.041708 1.043352 1.044973 
0.8999493 0.9043278 0.9086512 0.9129177 0.9171258 0.9212731 0.9253585 0.9293802 0.933337 0.9372276 0.9410509 0.9448059 0.9484916 0.9521077 0.9556533 0.9591281 0.9625319 0.9658646 0.969126 0.9723166 0.9754362 0.9784859 0.9814656 0.9843765 0.9872192 0.9899946 0.9927041 0.9953484 0.997929 1.000447 1.002905 1.005303 1.007644 1.009928 1.012159 1.014337 1.016465 1.018545 1.020578 1.022567 1.024513 1.026419 1.028287 1.030119 1.031916 1.033682 1.035417 1.037123 1.038804 1.04046 
0.895507 0.899812 0.9040648 0.9082634 0.9124064 0.9164919 0.9205186 0.924485 0.9283897 0.9322317 0.9360098 0.9397231 0.9433711 0.9469528 0.9504678 0.9539157 0.9572961 0.9606093 0.9638546 0.9670327 0.9701437 0.9731879 0.9761658 0.9790781 0.9819253 0.9847087 0.9874288 0.9900869 0.9926839 0.9952215 0.9977008 1.000123 1.00249 1.004803 1.007064 1.009274 1.011436 1.01355 1.015619 1.017645 1.019629 1.021574 1.023481 1.025352 1.027188 1.028993 1.030767 1.032513 1.034231 1.035925 
0.8910144 0.8952441 0.8994242 0.9035534 0.9076298 0.9116518 0.9156184 0.9195279 0.9233795 0.9271718 0.9309039 0.934575 0.9381844 0.9417312 0.9452152 0.9486358 0.9519929 0.9552863 0.9585159 0.9616818 0.9647843 0.9678236 0.9708003 0.9737145 0.9765674 0.9793594 0.9820915 0.9847645 0.9873794 0.9899373 0.9924398 0.9948877 0.9972824 0.9996254 1.001918 1.004162 1.006359 1.00851 1.010617 1.012681 1.014705 1.01669 1.018638 1.02055 1.022428 1.024274 1.026089 1.027875 1.029634 1.031367 
0.8864743 0.8906267 0.8947327 0.8987905 0.9027988 0.9067562 0.9106613 0.9145129 0.9183101 0.9220518 0.925737 0.9293649 0.9329351 0.9364466 0.9398992 0.9432923 0.9466259 0.9498996 0.9531135 0.9562674 0.9593618 0.9623967 0.9653724 0.9682896 0.9711487 0.9739503 0.9766951 0.9793841 0.9820179 0.9845976 0.9871243 0.989599 0.9920231 0.9943974 0.9967235 0.9990027 1.001236 1.003425 1.005572 1.007677 1.009743 1.01177 1.01376 1.015715 1.017636 1.019524 1.021382 1.02321 1.02501 1.026784 
0.8818889 0.8859627 0.889993 0.893978 0.897917 0.9018083 0.9056508 0.9094434 0.9131854 0.9168754 0.920513 0.9240971 0.9276274 0.9311031 0.9345239 0.9378893 0.9411992 0.9444531 0.9476512 0.9507933 0.9538798 0.9569107 0.9598861 0.9628065 0.9656724 0.9684843 0.9712428 0.9739485 0.9766022 0.9792047 0.9817569 0.9842596 0.9867141 0.9891213 0.991482 0.9937977 0.9960695 0.9982985 1.000486 1.002633 1.004742 1.006812 1.008846 1.010845 1.012811 1.014744 1.016645 1.018517 1.02036 1.022175 
0.8772615 0.8812551 0.8852082 0.8891194 0.8929875 0.8968115 0.9005904 0.9043231 0.9080086 0.9116463 0.9152355 0.9187753 0.9222652 0.9257047 0.9290933 0.9324306 0.9357165 0.9389507 0.9421329 0.9452636 0.9483422 0.9513692 0.9543447 0.9572688 0.9601422 0.9629651 0.9657378 0.9684609 0.9711354 0.9737615 0.9763401 0.978872 0.981358 0.9837987 0.9861955 0.9885488 0.99086 0.9931299 0.9953597 0.9975502 0.9997026 1.001818 1.003898 1.005942 1.007953 1.009932 1.011879 1.013795 1.015682 1.017541 
0.8725947 0.876507 0.8803816 0.8842176 0.888014 0.8917696 0.8954838 0.8991556 0.9027842 0.9063689 0.9099088 0.9134036 0.9168525 0.9202552 0.9236113 0.9269205 0.9301822 0.9333964 0.9365631 0.9396818 0.9427531 0.9457762 0.9487521 0.9516802 0.9545615 0.9573956 0.9601832 0.9629247 0.9656204 0.9682708 0.9708765 0.9734383 0.9759566 0.9784321 0.9808655 0.9832578 0.9856094 0.9879213 0.9901941 0.9924291 0.9946268 0.9967883 0.9989143 1.001006 1.003063 1.005088 1.007082 1.009044 1.010976 1.012879 
0.8678915 0.8717212 0.8755164 0.8792762 0.8829997 0.8866863 0.8903349 0.893945 0.8975157 0.9010465 0.9045368 0.907986 0.9113937 0.9147592 0.9180825 0.921363 0.9246003 0.9277945 0.9309452 0.9340523 0.937116 0.9401358 0.943112 0.9460446 0.9489338 0.9517797 0.9545825 0.9573424 0.96006 0.9627354 0.9653691 0.9679612 0.9705125 0.9730234 0.9754944 0.9779261 0.9803188 0.9826737 0.9849907 0.9872708 0.9895146 0.991723 0.9938962 0.9960353 0.9981408 1.000214 1.002254 1.004263 1.006241 1.008189 
0.8631548 0.8669009 0.8706158 0.8742986 0.8779485 0.881565 0.8851473 0.8886951 0.8922073 0.8956836 0.8991238 0.9025269 0.9058927 0.9092209 0.9125108 0.9157624 0.9189752 0.9221492 0.9252838 0.9283794 0.9314352 0.9344515 0.9374282 0.9403654 0.9432628 0.9461206 0.948939 0.951718 0.9544576 0.9571583 0.95982 0.9624432 0.965028 0.9675749 0.970084 0.9725556 0.9749904 0.9773884 0.9797503 0.9820763 0.9843669 0.9866228 0.9888441 0.9910313 0.9931852 0.9953061 0.9973944 0.9994508 1.001476 1.003469 
0.8583875 0.8620494 0.865683 0.869288 0.8728637 0.8764096 0.8799251 0.8834097 0.886863 0.8902845 0.8936738 0.8970304 0.9003541 0.9036443 0.9069007 0.9101231 0.9133112 0.9164646 0.9195833 0.9226668 0.925715 0.9287278 0.931705 0.9346465 0.9375522 0.9404221 0.943256 0.946054 0.9488161 0.9515422 0.9542323 0.9568869 0.9595055 0.9620886 0.9646361 0.9671482 0.9696251 0.9720669 0.974474 0.9768464 0.9791842 0.9814879 0.9837577 0.985994 0.9881967 0.9903662 0.992503 0.9946072 0.9966792 0.9987194 
0.8535927 0.8571697 0.8607216 0.8642483 0.8677491 0.8712239 0.8746719 0.8780931 0.881487 0.8848531 0.8881913 0.8915011 0.8947821 0.898034 0.9012567 0.9044496 0.9076125 0.9107453 0.9138474 0.9169189 0.9199593 0.9229684 0.925946 0.9288918 0.9318059 0.9346876 0.9375372 0.9403542 0.9431387 0.9458904 0.9486091 0.9512947 0.9539474 0.9565666 0.9591528 0.9617056 0.9642249 0.9667107 0.9691631 0.9715819 0.9739674 0.9763194 0.9786379 0.980923 0.9831749 0.9853936 0.987579 0.9897314 0.991851 0.9939376 
0.8487733 0.8522649 0.8557348 0.8591827 0.8626084 0.8660116 0.8693919 0.8727493 0.8760832 0.8793936 0.8826804 0.8859429 0.889181 0.8923944 0.8955829 0.8987461 0.9018837 0.9049954 0.908081 0.9111401 0.9141722 0.9171776 0.9201553 0.9231054 0.9260273 0.9289209 0.9317859 0.9346218 0.9374285 0.9402055 0.9429526 0.9456695 0.948356 0.9510117 0.9536362 0.9562294 0.9587911 0.961321 0.9638187 0.9662842 0.968717 0.9711173 0.9734846 0.9758189 0.97812 0.9803877 0.9826221 0.9848228 0.9869899 0.9891233 
0.8439324 0.8473386 0.850726 0.8540949 0.8574451 0.8607764 0.8640888 0.8673819 0.870656 0.8739104 0.8771452 0.8803602 0.8835552 0.8867298 0.8898838 0.8930169 0.8961288 0.8992193 0.902288 0.9053344 0.9083583 0.9113592 0.9143368 0.9172907 0.9202204 0.9231255 0.9260056 0.92886 0.9316887 0.9344907 0.9372659 0.9400138 0.9427338 0.9454254 0.9480882 0.9507218 0.9533255 0.955899 0.9584419 0.9609537 0.963434 0.9658823 0.9682983 0.9706815 0.9730317 0.9753484 0.9776314 0.9798803 0.9820952 0.9842753 
0.8390731 0.8423936 0.8456987 0.8489885 0.852263 0.8555223 0.8587664 0.8619955 0.865209 0.8684075 0.8715904 0.8747577 0.8779091 0.8810446 0.8841639 0.8872666 0.8903527 0.8934214 0.8964727 0.8995062 0.9025212 0.9055176 0.9084945 0.911452 0.9143889 0.9173049 0.9201997 0.9230723 0.9259223 0.9287491 0.931552 0.9343303 0.9370832 0.9398104 0.942511 0.9451844 0.9478297 0.9504466 0.9530343 0.9555919 0.958119 0.960615 0.9630792 0.9655111 0.9679101 0.9702755 0.9726068 0.9749038 0.9771659 0.9793925 
0.8341984 0.8374333 0.8406559 0.8438666 0.8470656 0.8502531 0.853429 0.8565937 0.859747 0.8628891 0.8660198 0.8691392 0.8722471 0.8753431 0.8784274 0.8814996 0.8845592 0.887606 0.8906397 0.8936596 0.8966655 0.8996568 0.9026325 0.9055928 0.9085366 0.911463 0.9143718 0.9172621 0.9201329 0.9229836 0.9258133 0.9286214 0.9314068 0.9341689 0.9369065 0.939619 0.9423053 0.9449649 0.9475964 0.9501995 0.9527729 0.9553159 0.9578277 0.9603076 0.9627548 0.9651684 0.9675478 0.9698923 0.9722012 0.974474 
0.8293111 0.8324607 0.8356012 0.8387332 0.8418568 0.8449723 0.8480803 0.8511807 0.8542737 0.8573593 0.860438 0.8635093 0.8665733 0.8696299 0.8726789 0.87572 0.8787529 0.8817774 0.8847928 0.887799 0.890795 0.8937805 0.8967549 0.8997172 0.902667 0.9056034 0.9085254 0.9114323 0.9143232 0.9171972 0.920053 0.9228901 0.925707 0.928503 0.9312768 0.9340276 0.9367541 0.9394553 0.9421301 0.9447774 0.9473963 0.9499857 0.9525443 0.9550714 0.9575661 0.9600272 0.9624538 0.9648452 0.9672004 0.9695188 
0.8244143 0.8274791 0.830538 0.8335913 0.8366399 0.8396839 0.8427239 0.8457602 0.848793 0.8518224 0.8548488 0.8578719 0.8608921 0.8639091 0.8669224 0.8699323 0.8729382 0.8759398 0.8789366 0.8819283 0.884914 0.8878933 0.8908651 0.893829 0.896784 0.8997293 0.9026638 0.9055865 0.9084966 0.9113927 0.9142738 0.9171386 0.9199861 0.922815 0.925624 0.9284118 0.9311774 0.9339193 0.9366363 0.9393271 0.9419903 0.9446248 0.9472294 0.9498028 0.9523439 0.9548515 0.9573247 0.959762 0.9621628 0.9645259 
0.819511 0.8224915 0.8254693 0.8284447 0.8314185 0.8343914 0.8373639 0.8403363 0.843309 0.8462824 0.8492565 0.8522316 0.8552076 0.8581846 0.8611624 0.8641406 0.8671191 0.8700975 0.8730753 0.8760517 0.8790265 0.8819987 0.8849674 0.8879319 0.8908914 0.8938446 0.8967905 0.8997281 0.9026561 0.9055732 0.9084782 0.9113698 0.9142466 0.9171072 0.91995 0.922774 0.9255772 0.9283585 0.9311162 0.933849 0.9365554 0.939234 0.9418833 0.9445018 0.9470882 0.9496413 0.9521597 0.9546421 0.9570875 0.9594945 
0.8146039 0.8175011 0.8203982 0.8232965 0.8261962 0.8290985 0.8320038 0.8349127 0.8378258 0.8407431 0.8436652 0.8465922 0.8495241 0.8524611 0.8554028 0.8583493 0.8613 0.8642545 0.8672126 0.8701735 0.8731365 0.8761007 0.8790655 0.8820297 0.8849924 0.8879526 0.8909089 0.89386 0.8968048 0.8997417 0.9026694 0.9055862 0.9084908 0.9113816 0.9142571 0.9171154 0.919955 0.9227741 0.9255712 0.9283447 0.9310927 0.9338139 0.9365064 0.9391687 0.9417992 0.9443964 0.9469589 0.9494851 0.951974 0.9544238 
0.8096959 0.8125105 0.8153282 0.8181499 0.8209763 0.8238086 0.8266473 0.8294932 0.8323468 0.8352086 0.8380788 0.8409578 0.8438456 0.8467424 0.849648 0.8525622 0.8554846 0.8584149 0.8613527 0.8642972 0.8672476 0.8702033 0.873163 0.8761259 0.8790908 0.8820567 0.885022 0.8879855 0.8909457 0.8939008 0.8968497 0.8997904 0.9027213 0.9056408 0.9085469 0.911438 0.9143124 0.9171676 0.9200026 0.922815 0.9256032 0.9283652 0.9310992 0.9338038 0.9364767 0.9391167 0.9417219 0.9442906 0.9468216 0.949313 
0.8047897 0.807523 0.8102621 0.8130081 0.8157622 0.8185251 0.821298 0.8240814 0.826876 0.8296825 0.832501 0.8353323 0.838176 0.8410325 0.8439018 0.8467834 0.8496771 0.8525828 0.8554997 0.8584269 0.8613639 0.8643099 0.8672638 0.8702242 0.8731902 0.8761603 0.8791334 0.8821077 0.8850816 0.8880535 0.8910219 0.8939848 0.8969403 0.8998865 0.9028218 0.9057438 0.9086509 0.9115407 0.9144115 0.917261 0.9200873 0.9228884 0.9256626 0.9284075 0.9311213 0.9338022 0.9364485 0.9390582 0.9416298 0.9441615 
0.7998881 0.8025414 0.8052029 0.8078746 0.8105569 0.8132516 0.8159592 0.8186808 0.821417 0.8241686 0.8269359 0.8297193 0.8325191 0.8353353 0.8381678 0.8410167 0.8438816 0.8467619 0.8496571 0.8525664 0.8554893 0.8584245 0.8613712 0.864328 0.8672936 0.8702668 0.873246 0.8762295 0.8792155 0.8822027 0.8851886 0.8881719 0.89115 0.8941212 0.8970836 0.9000346 0.9029724 0.9058946 0.9087991 0.9116838 0.9145464 0.9173847 0.9201968 0.9229801 0.9257329 0.9284531 0.9311386 0.9337876 0.9363983 0.9389687 
0.7949937 0.7975681 0.8001536 0.8027518 0.8053639 0.807991 0.8106344 0.8132948 0.8159734 0.8186705 0.8213867 0.8241228 0.8268786 0.8296545 0.8324503 0.8352661 0.8381014 0.8409557 0.8438287 0.8467193 0.849627 0.8525504 0.8554888 0.8584407 0.8614046 0.8643792 0.867363 0.870354 0.8733506 0.8763508 0.8793526 0.882354 0.8853528 0.8883469 0.891334 0.8943118 0.8972783 0.9002308 0.9031671 0.9060845 0.9089812 0.9118546 0.9147024 0.9175222 0.9203119 0.9230694 0.9257924 0.9284787 0.9311266 0.9337341 
0.7901091 0.7926061 0.7951169 0.7976429 0.800186 0.8027467 0.8053266 0.8079271 0.8105482 0.8131916 0.8158573 0.8185461 0.8212582 0.8239936 0.8267527 0.8295349 0.8323404 0.8351683 0.8380181 0.8408892 0.8437805 0.8466912 0.8496199 0.8525654 0.8555263 0.8585007 0.8614872 0.864484 0.867489 0.8705004 0.873516 0.8765335 0.8795509 0.8825656 0.8855754 0.8885778 0.8915704 0.8945507 0.8975161 0.9004644 0.9033927 0.9062988 0.90918 0.9120341 0.9148585 0.917651 0.9204093 0.9231313 0.9258145 0.9284572 
0.7852362 0.7876579 0.7900955 0.792551 0.7950258 0.7975216 0.8000392 0.8025801 0.8051452 0.8077351 0.8103508 0.8129929 0.8156612 0.8183563 0.8210782 0.8238269 0.8266017 0.8294026 0.8322286 0.8350793 0.8379534 0.84085 0.8437679 0.8467056 0.8496615 0.8526342 0.8556218 0.8586223 0.8616338 0.8646543 0.8676814 0.8707129 0.8737463 0.8767792 0.8798093 0.8828338 0.8858502 0.8888558 0.891848 0.8948243 0.8977819 0.9007182 0.9036306 0.9065165 0.9093732 0.9121985 0.9149899 0.9177452 0.9204618 0.9231377 
0.780378 0.7827258 0.7850919 0.7874784 0.7898867 0.7923185 0.7947751 0.7972576 0.799767 0.8023045 0.8048705 0.807466 0.810091 0.8127459 0.8154305 0.8181452 0.8208892 0.8236623 0.8264638 0.829293 0.8321488 0.8350301 0.8379356 0.8408639 0.8438135 0.8467826 0.8497693 0.8527716 0.8557876 0.858815 0.8618513 0.8648943 0.8679414 0.8709901 0.8740378 0.8770818 0.8801193 0.8831475 0.8861641 0.8891656 0.8921498 0.8951136 0.8980547 0.9009697 0.9038564 0.9067122 0.9095344 0.9123206 0.9150686 0.9177756 
0.7755362 0.7778121 0.7801085 0.7824274 0.7847708 0.78714 0.7895366 0.7919618 0.7944167 0.7969024 0.7994195 0.8019687 0.8045506 0.8071652 0.8098127 0.8124929 0.8152056 0.8179504 0.8207265 0.8235332 0.8263696 0.8292343 0.8321262 0.8350435 0.837985 0.8409486 0.8439324 0.8469346 0.8499526 0.8529846 0.8560276 0.8590797 0.8621379 0.8651997 0.8682624 0.8713231 0.8743792 0.8774274 0.8804651 0.8834894 0.8864974 0.8894861 0.8924528 0.8953946 0.8983086 0.9011922 0.9040428 0.9068577 0.9096345 0.9123705 
0.7707133 0.7729192 0.7751478 0.777401 0.7796809 0.781989 0.784327 0.7866959 0.7890972 0.7915318 0.7940006 0.7965042 0.799043 0.8016174 0.8042275 0.8068731 0.809554 0.8122699 0.81502 0.8178032 0.8206189 0.8234658 0.8263423 0.8292472 0.8321787 0.8351348 0.8381138 0.8411134 0.8441315 0.8471655 0.8502129 0.8532714 0.8563381 0.8594103 0.8624851 0.8655599 0.8686312 0.8716967 0.8747528 0.8777969 0.8808258 0.8838365 0.8868262 0.8897918 0.8927305 0.8956393 0.8985155 0.9013566 0.9041598 0.9069227 
0.7659109 0.768049 0.7702116 0.7724011 0.7746193 0.7768679 0.7791485 0.7814623 0.783811 0.7861954 0.7886164 0.7910748 0.7935709 0.7961052 0.7986778 0.8012887 0.8039374 0.8066235 0.8093466 0.8121055 0.8148993 0.8177269 0.8205867 0.8234774 0.8263971 0.829344 0.8323159 0.8353107 0.8383263 0.8413599 0.8444092 0.8474714 0.8505437 0.8536234 0.8567078 0.8597934 0.8628774 0.8659568 0.8690284 0.8720891 0.8751361 0.8781658 0.8811755 0.884162 0.8871224 0.8900536 0.892953 0.8958177 0.8986449 0.901432 
0.761131 0.7632034 0.7653024 0.7674299 0.769588 0.7717786 0.7740032 0.7762634 0.7785606 0.7808955 0.7832696 0.7856832 0.7881372 0.7906315 0.7931665 0.7957421 0.7983581 0.8010141 0.8037091 0.8064426 0.8092134 0.8120204 0.8148619 0.8177367 0.8206426 0.8235781 0.8265409 0.8295286 0.8325393 0.8355699 0.8386183 0.8416815 0.8447568 0.8478411 0.8509318 0.8540253 0.8571188 0.8602092 0.8632931 0.8663676 0.8694292 0.872475 0.8755017 0.8785061 0.8814853 0.8844361 0.8873558 0.8902413 0.8930898 0.8958991 
0.7563754 0.7583846 0.7604218 0.7624893 0.7645892 0.7667235 0.7688937 0.7711015 0.773348 0.7756347 0.7779624 0.780332 0.7827438 0.7851983 0.7876958 0.790236 0.7928188 0.7954437 0.7981101 0.8008172 0.8035637 0.8063486 0.8091703 0.8120272 0.8149177 0.8178396 0.8207909 0.8237693 0.8267724 0.8297976 0.8328424 0.8359037 0.8389789 0.842065 0.8451587 0.8482572 0.8513571 0.8544552 0.8575483 0.8606331 0.8637065 0.866765 0.8698056 0.872825 0.8758199 0.8787873 0.8817245 0.8846281 0.8874955 0.8903239 
0.7516456 0.7535937 0.7555714 0.7575809 0.7596246 0.7617042 0.7638217 0.7659783 0.7681756 0.7704149 0.772697 0.775023 0.7773932 0.779808 0.7822678 0.7847723 0.7873216 0.7899148 0.7925516 0.7952311 0.7979522 0.8007136 0.8035138 0.8063512 0.8092242 0.8121305 0.815068 0.8180346 0.8210277 0.8240448 0.8270831 0.8301398 0.833212 0.8362965 0.8393905 0.8424904 0.8455935 0.8486962 0.8517953 0.8548872 0.857969 0.8610372 0.8640883 0.8671194 0.870127 0.8731082 0.8760597 0.8789786 0.881862 0.8847071 
0.7469429 0.7488324 0.7507529 0.7527066 0.7546961 0.7567228 0.7587888 0.7608958 0.7630451 0.765238 0.7674754 0.7697583 0.7720872 0.7744627 0.7768847 0.7793533 0.7818685 0.7844296 0.7870359 0.7896869 0.7923811 0.7951176 0.7978945 0.8007107 0.8035641 0.8064526 0.8093741 0.8123264 0.815307 0.8183131 0.8213421 0.8243912 0.8274574 0.8305373 0.8336282 0.8367268 0.8398297 0.8429336 0.8460351 0.849131 0.8522178 0.8552923 0.8583508 0.8613904 0.8644076 0.8673994 0.8703623 0.8732936 0.8761903 0.8790494 
0.742269 0.7441024 0.7459679 0.7478681 0.749805 0.7517806 0.7537972 0.7558557 0.7579581 0.7601057 0.7622992 0.7645397 0.7668277 0.7691638 0.7715482 0.7739807 0.7764613 0.7789895 0.7815646 0.7841857 0.7868519 0.7895621 0.7923143 0.7951074 0.7979391 0.8008078 0.803711 0.8066466 0.8096119 0.8126044 0.8156213 0.8186597 0.8217168 0.824789 0.8278738 0.8309674 0.8340669 0.8371686 0.8402693 0.8433658 0.8464543 0.8495317 0.8525944 0.8556392 0.8586629 0.8616618 0.8646332 0.867574 0.8704809 0.8733513 
0.7376247 0.7394044 0.7412175 0.7430661 0.7449527 0.7468791 0.7488474 0.7508594 0.7529163 0.7550193 0.75717 0.7593687 0.7616163 0.7639134 0.7662599 0.7686561 0.7711019 0.7735964 0.7761394 0.7787299 0.7813668 0.784049 0.7867748 0.7895429 0.792351 0.7951977 0.7980801 0.8009964 0.803944 0.80692 0.809922 0.8129468 0.8159915 0.8190531 0.8221282 0.8252138 0.8283065 0.8314027 0.8344992 0.8375928 0.8406795 0.8437564 0.8468199 0.8498666 0.8528934 0.8558967 0.8588734 0.8618206 0.8647351 0.867614 
0.7330111 0.7347398 0.7365026 0.7383021 0.7401403 0.7420194 0.7439414 0.745908 0.7479206 0.7499804 0.7520888 0.7542465 0.7564542 0.7587124 0.7610214 0.7633811 0.7657914 0.7682517 0.7707617 0.7733204 0.7759268 0.7785797 0.7812773 0.7840185 0.7868013 0.7896235 0.7924831 0.7953776 0.7983046 0.8012615 0.8042454 0.8072537 0.8102831 0.8133307 0.8163931 0.8194672 0.8225496 0.825637 0.828726 0.8318129 0.8348948 0.8379678 0.8410287 0.8440741 0.8471006 0.8501049 0.8530839 0.8560346 0.8589535 0.8618383 
0.7284292 0.7301093 0.7318244 0.7335767 0.7353688 0.7372026 0.73908 0.7410027 0.7429723 0.7449901 0.7470571 0.7491743 0.7513425 0.7535622 0.7558333 0.7581563 0.7605309 0.7629566 0.7654327 0.7679586 0.7705331 0.7731552 0.7758234 0.7785358 0.7812911 0.7840867 0.7869208 0.789791 0.7926951 0.79563 0.7985933 0.8015819 0.8045928 0.8076231 0.8106696 0.8137289 0.8167978 0.8198729 0.8229508 0.826028 0.8291013 0.832167 0.835222 0.8382626 0.8412856 0.8442879 0.847266 0.850217 0.8531377 0.8560253 
0.7238797 0.7255138 0.7271835 0.7288913 0.7306392 0.7324293 0.7342638 0.7361441 0.7380722 0.7400489 0.7420756 0.7441533 0.7462823 0.7484637 0.7506973 0.7529833 0.7553217 0.7577119 0.7601534 0.7626455 0.765187 0.7677769 0.7704137 0.7730957 0.7758213 0.7785884 0.7813949 0.7842384 0.7871165 0.790027 0.7929664 0.7959324 0.7989219 0.8019317 0.804959 0.8080002 0.8110522 0.8141116 0.817175 0.8202391 0.8233004 0.8263554 0.829401 0.8324336 0.8354499 0.8384467 0.8414209 0.8443694 0.8472888 0.8501765 
0.719363 0.7209538 0.7225806 0.7242458 0.7259518 0.7277003 0.7294936 0.7313333 0.7332208 0.7351578 0.7371449 0.7391836 0.7412742 0.7434174 0.7456135 0.7478626 0.7501643 0.7525185 0.7549247 0.7573819 0.7598892 0.7624455 0.7650493 0.767699 0.7703931 0.7731293 0.7759059 0.7787203 0.7815703 0.784453 0.787366 0.7903065 0.7932713 0.7962579 0.7992624 0.8022822 0.8053139 0.8083544 0.8113999 0.8144473 0.8174932 0.8205342 0.823567 0.8265883 0.8295946 0.832583 0.83555 0.8384928 0.8414081 0.8442931 
0.7148797 0.7164297 0.7180161 0.7196411 0.721307 0.723016 0.7247698 0.7265701 0.7284188 0.7303168 0.7322657 0.734266 0.7363186 0.7384241 0.7405828 0.7427945 0.7450595 0.7473772 0.749747 0.7521684 0.7546403 0.7571616 0.7597309 0.7623467 0.7650073 0.7677107 0.7704549 0.7732376 0.7760566 0.7789093 0.7817931 0.784705 0.7876424 0.790602 0.793581 0.7965762 0.7995844 0.8026022 0.8056267 0.8086541 0.8116812 0.8147048 0.8177216 0.8207281 0.8237213 0.8266979 0.8296548 0.8325888 0.8354971 0.8383767 
0.71043 0.711942 0.7134902 0.7150772 0.7167053 0.7183766 0.7200926 0.7218554 0.7236664 0.7255268 0.727438 0.7294008 0.7314159 0.7334839 0.7356051 0.7377797 0.7400073 0.7422879 0.7446208 0.7470055 0.7494408 0.7519258 0.754459 0.7570391 0.7596642 0.7623328 0.7650424 0.7677912 0.7705768 0.7733967 0.7762483 0.7791289 0.7820355 0.7849655 0.7879158 0.7908831 0.7938645 0.7968567 0.7998564 0.8028604 0.8058657 0.8088685 0.8118659 0.8148546 0.8178314 0.8207932 0.8237367 0.8266591 0.8295574 0.8324288 
0.7060143 0.7074905 0.7090031 0.7105545 0.7121468 0.7137821 0.7154621 0.7171888 0.7189633 0.7207873 0.722662 0.7245879 0.7265661 0.7285968 0.7306808 0.7328179 0.7350081 0.737251 0.7395464 0.7418932 0.7442909 0.7467382 0.749234 0.7517766 0.7543646 0.7569961 0.7596691 0.7623816 0.7651313 0.7679158 0.7707325 0.7735789 0.7764521 0.7793494 0.7822678 0.7852041 0.7881554 0.7911186 0.7940906 0.7970681 0.8000477 0.8030267 0.8060016 0.8089692 0.8119265 0.8148702 0.8177974 0.8207053 0.8235908 0.8264512 
0.7016324 0.7030755 0.7045548 0.7060726 0.7076311 0.7092324 0.7108781 0.71257 0.7143096 0.7160984 0.7179374 0.7198272 0.7217689 0.723763 0.7258097 0.7279093 0.7300616 0.7322664 0.7345235 0.7368318 0.7391906 0.741599 0.7440557 0.7465593 0.7491084 0.7517009 0.7543352 0.7570091 0.7597206 0.7624671 0.7652464 0.7680559 0.7708926 0.7737541 0.7766376 0.7795399 0.7824582 0.7853892 0.7883303 0.7912779 0.7942291 0.7971809 0.80013 0.8030733 0.806008 0.8089306 0.8118387 0.8147291 0.817599 0.8204458 
0.6972841 0.6986966 0.7001448 0.7016314 0.7031582 0.7047272 0.7063403 0.7079992 0.7097052 0.7114597 0.7132636 0.7151183 0.7170241 0.7189817 0.7209915 0.7230535 0.7251677 0.727334 0.729552 0.7318209 0.7341399 0.7365082 0.7389244 0.7413875 0.7438958 0.7464476 0.7490409 0.7516742 0.7543449 0.7570512 0.7597904 0.7625602 0.765358 0.7681809 0.7710265 0.7738917 0.7767739 0.7796699 0.7825767 0.7854913 0.788411 0.7913324 0.7942526 0.7971687 0.8000777 0.8029765 0.8058624 0.8087326 0.8115841 0.8144147 
0.6929693 0.6943536 0.6957732 0.6972304 0.6987275 0.7002661 0.7018482 0.7034754 0.7051489 0.7068705 0.7086407 0.7104605 0.712331 0.7142525 0.7162254 0.71825 0.7203258 0.7224532 0.7246314 0.72686 0.7291384 0.7314653 0.73384 0.7362608 0.7387267 0.7412357 0.7437865 0.7463768 0.7490048 0.7516683 0.754365 0.7570924 0.7598485 0.7626302 0.7654352 0.7682604 0.7711034 0.7739612 0.7768309 0.7797096 0.7825946 0.7854827 0.7883711 0.791257 0.7941373 0.7970093 0.7998703 0.8027174 0.8055481 0.8083596 
0.6886877 0.690046 0.6914391 0.6928692 0.6943384 0.6958485 0.6974013 0.6989982 0.7006407 0.7023301 0.7040673 0.7058533 0.707689 0.7095748 0.711511 0.7134977 0.7155353 0.7176232 0.7197613 0.721949 0.7241855 0.7264702 0.7288018 0.7311789 0.7336009 0.7360656 0.7385716 0.741117 0.7437 0.7463184 0.7489703 0.7516533 0.7543648 0.7571025 0.7598641 0.7626466 0.7654478 0.7682645 0.7710942 0.7739342 0.7767816 0.7796333 0.782487 0.7853397 0.7881886 0.7910311 0.7938643 0.7966858 0.7994929 0.8022832 
0.6844386 0.6857732 0.687142 0.6885471 0.6899903 0.6914735 0.6929985 0.6945665 0.6961792 0.6978377 0.6995429 0.7012957 0.7030972 0.7049475 0.7068471 0.7087964 0.7107952 0.7128434 0.7149407 0.7170868 0.7192808 0.7215219 0.7238093 0.7261418 0.7285181 0.7309367 0.7333962 0.7358949 0.7384308 0.7410021 0.7436067 0.7462426 0.7489074 0.7515987 0.7543142 0.7570515 0.7598078 0.7625808 0.7653677 0.768166 0.7709729 0.7737858 0.7766019 0.7794188 0.7822335 0.7850437 0.7878465 0.7906399 0.793421 0.7961873 
0.6802213 0.6815346 0.6828812 0.6842631 0.6856821 0.6871402 0.6886387 0.6901795 0.6917635 0.693392 0.695066 0.6967866 0.6985542 0.7003695 0.702233 0.7041445 0.7061045 0.7081127 0.7101688 0.7122725 0.7144232 0.71662 0.718862 0.7211483 0.7234777 0.7258486 0.72826 0.73071 0.7331969 0.7357191 0.7382745 0.740861 0.7434766 0.746119 0.748786 0.7514753 0.7541845 0.7569112 0.7596526 0.7624065 0.7651703 0.7679415 0.7707175 0.7734958 0.7762738 0.779049 0.7818191 0.7845817 0.7873343 0.7900748 
