0.5467637 0.5492273 0.551686 0.5541397 0.5565881 0.5590309 0.5614679 0.5638991 0.5663241 0.5687427 0.5711548 0.5735601 0.5759585 0.5783498 0.5807337 0.5831101 0.5854787 0.5878394 0.590192 0.5925363 0.594872 0.5971991 0.5995173 0.6018265 0.6041264 0.6064169 0.6086978 0.6109689 0.6132301 0.6154811 0.6177219 0.6199522 0.6221719 0.6243807 0.6265786 0.6287653 0.6309407 0.6331047 0.6352571 0.6373978 0.6395265 0.6416432 0.6437476 0.6458397 0.6479193 0.6499863 0.6520404 0.6540818 0.65611 0.658125 
0.5466917 0.5491532 0.5516098 0.5540613 0.5565075 0.5589482 0.5613831 0.5638121 0.566235 0.5686516 0.5710616 0.5734649 0.5758612 0.5782503 0.5806322 0.5830065 0.5853732 0.5877318 0.5900824 0.5924247 0.5947585 0.5970836 0.5993999 0.6017072 0.6040052 0.6062937 0.6085727 0.610842 0.6131013 0.6153505 0.6175894 0.6198179 0.6220357 0.6242428 0.6264389 0.6286238 0.6307976 0.6329598 0.6351105 0.6372495 0.6393766 0.6414916 0.6435944 0.6456849 0.6477629 0.6498283 0.6518809 0.6539207 0.6559473 0.6579609 
0.546615 0.5490741 0.5515284 0.5539775 0.5564214 0.5588598 0.5612924 0.5637191 0.5661396 0.5685539 0.5709616 0.5733626 0.5757567 0.5781436 0.5805232 0.5828953 0.5852597 0.5876162 0.5899646 0.5923047 0.5946363 0.5969593 0.5992734 0.6015785 0.6038744 0.6061609 0.6084379 0.6107051 0.6129624 0.6152095 0.6174464 0.619673 0.6218888 0.6240939 0.6262881 0.6284711 0.630643 0.6328034 0.6349522 0.6370893 0.6392145 0.6413278 0.6434288 0.6455175 0.6475938 0.6496575 0.6517084 0.6537465 0.6557716 0.6577835 
0.5465336 0.5489902 0.5514419 0.5538885 0.5563298 0.5587656 0.5611957 0.5636199 0.566038 0.5684497 0.5708549 0.5732535 0.575645 0.5780295 0.5804067 0.5827764 0.5851384 0.5874925 0.5898384 0.5921762 0.5945055 0.5968261 0.599138 0.6014408 0.6037344 0.6060186 0.6082933 0.6105582 0.6128133 0.6150583 0.6172931 0.6195173 0.6217311 0.6239341 0.6261262 0.6283072 0.6304769 0.6326353 0.6347821 0.6369172 0.6390405 0.6411518 0.6432509 0.6453378 0.6474121 0.649474 0.6515231 0.6535593 0.6555827 0.6575928 
0.5464476 0.5489014 0.5513503 0.5537941 0.5562327 0.5586658 0.5610931 0.5635146 0.5659299 0.5683389 0.5707415 0.5731373 0.5755263 0.5779081 0.5802827 0.5826498 0.5850092 0.5873606 0.5897041 0.5920393 0.594366 0.5966842 0.5989935 0.6012938 0.6035849 0.6058667 0.608139 0.6104016 0.6126542 0.6148968 0.6171293 0.6193512 0.6215627 0.6237634 0.6259532 0.6281319 0.6302995 0.6324556 0.6346003 0.6367334 0.6388545 0.6409637 0.6430607 0.6451455 0.6472179 0.6492777 0.6513249 0.6533592 0.6553806 0.6573889 
0.5463569 0.5488077 0.5512537 0.5536945 0.5561301 0.5585602 0.5609846 0.5634031 0.5658156 0.5682217 0.5706214 0.5730144 0.5754005 0.5777795 0.5801512 0.5825154 0.584872 0.5872207 0.5895614 0.5918939 0.5942179 0.5965334 0.59884 0.6011376 0.6034262 0.6057053 0.6079749 0.6102349 0.6124851 0.6147251 0.616955 0.6191745 0.6213835 0.6235818 0.6257691 0.6279455 0.6301107 0.6322646 0.6344069 0.6365376 0.6386565 0.6407635 0.6428583 0.6449409 0.6470111 0.6490688 0.6511139 0.6531461 0.6551655 0.6571717 
0.5462615 0.5487092 0.5511519 0.5535896 0.556022 0.558449 0.5608702 0.5632856 0.565695 0.568098 0.5704946 0.5728845 0.5752675 0.5776435 0.5800122 0.5823734 0.584727 0.5870728 0.5894105 0.5917401 0.5940612 0.5963737 0.5986775 0.6009723 0.603258 0.6055344 0.6078013 0.6100585 0.6123059 0.6145433 0.6167704 0.6189873 0.6211936 0.6233892 0.6255741 0.627748 0.6299106 0.6320619 0.6342018 0.63633 0.6384465 0.6405511 0.6426436 0.6447238 0.6467918 0.6488473 0.6508901 0.6529201 0.6549373 0.6569415 
0.5461615 0.5486058 0.5510451 0.5534794 0.5559084 0.5583321 0.56075 0.5631621 0.5655681 0.5679678 0.5703611 0.5727478 0.5751275 0.5775003 0.5798658 0.5822238 0.5845742 0.5869169 0.5892515 0.5915779 0.5938959 0.5962054 0.5985061 0.6007978 0.6030806 0.605354 0.6076179 0.6098722 0.6121166 0.6143512 0.6165755 0.6187896 0.6209931 0.6231859 0.6253681 0.6275392 0.6296991 0.6318478 0.6339851 0.6361107 0.6382247 0.6403267 0.6424167 0.6444945 0.6465601 0.6486131 0.6506535 0.6526812 0.6546961 0.656698 
0.5460569 0.5484975 0.5509332 0.553364 0.5557895 0.5582095 0.5606239 0.5630324 0.5654349 0.5678312 0.570221 0.5726042 0.5749805 0.5773498 0.5797119 0.5820666 0.5844136 0.5867529 0.5890841 0.5914073 0.593722 0.5960283 0.5983257 0.6006143 0.6028938 0.6051641 0.6074249 0.6096761 0.6119174 0.6141489 0.6163703 0.6185813 0.6207819 0.6229718 0.625151 0.6273192 0.6294764 0.6316223 0.6337568 0.6358797 0.6379909 0.6400902 0.6421776 0.6442528 0.6463158 0.6483663 0.6504042 0.6524295 0.654442 0.6564415 
0.5459477 0.5483844 0.5508164 0.5532433 0.555665 0.5580813 0.5604919 0.5628967 0.5652955 0.5676881 0.5700743 0.5724537 0.5748265 0.5771921 0.5795506 0.5819017 0.5842452 0.586581 0.5889087 0.5912284 0.5935396 0.5958424 0.5981365 0.6004217 0.6026978 0.6049647 0.6072223 0.6094701 0.6117083 0.6139365 0.6161547 0.6183626 0.6205601 0.6227469 0.6249231 0.6270882 0.6292424 0.6313853 0.6335169 0.6356369 0.6377453 0.6398419 0.6419264 0.6439989 0.6460591 0.6481069 0.6501423 0.6521649 0.6541748 0.6561717 
0.5458338 0.5482665 0.5506945 0.5531174 0.5555351 0.5579475 0.5603541 0.562755 0.5651499 0.5675386 0.5699208 0.5722965 0.5746654 0.5770272 0.5793819 0.5817293 0.584069 0.586401 0.5887251 0.5910411 0.5933487 0.5956479 0.5979384 0.60022 0.6024926 0.604756 0.6070101 0.6092545 0.6114893 0.6137141 0.6159289 0.6181335 0.6203277 0.6225112 0.6246842 0.6268462 0.6289971 0.631137 0.6332655 0.6353825 0.6374878 0.6395814 0.6416631 0.6437326 0.64579 0.6478351 0.6498676 0.6518875 0.6538948 0.6558891 
0.5457153 0.5481438 0.5505676 0.5529863 0.5553998 0.557808 0.5602105 0.5626073 0.5649981 0.5673827 0.5697609 0.5721325 0.5744973 0.5768552 0.5792059 0.5815493 0.5838851 0.5862132 0.5885334 0.5908455 0.5931493 0.5954447 0.5977314 0.6000093 0.6022782 0.6045379 0.6067883 0.6090291 0.6112603 0.6134816 0.6156929 0.617894 0.6200847 0.6222649 0.6244344 0.6265931 0.6287408 0.6308774 0.6330026 0.6351164 0.6372187 0.6393091 0.6413877 0.6434543 0.6455086 0.6475507 0.6495804 0.6515974 0.6536018 0.6555934 
0.5455922 0.5480164 0.5504357 0.55285 0.5552592 0.557663 0.5600612 0.5624536 0.5648401 0.5672203 0.5695943 0.5719616 0.5743223 0.576676 0.5790225 0.5813617 0.5836934 0.5860174 0.5883335 0.5906416 0.5929415 0.5952328 0.5975156 0.5997896 0.6020546 0.6043105 0.606557 0.608794 0.6110215 0.613239 0.6154467 0.6176441 0.6198312 0.6220078 0.6241738 0.626329 0.6284733 0.6306064 0.6327283 0.6348388 0.6369377 0.6390249 0.6411002 0.6431637 0.6452149 0.6472539 0.6492805 0.6512946 0.6532961 0.6552848 
0.5454646 0.547884 0.5502988 0.5527085 0.5551131 0.5575123 0.559906 0.5622939 0.5646759 0.5670517 0.5694212 0.5717841 0.5741403 0.5764896 0.5788317 0.5811666 0.5834941 0.5858138 0.5881257 0.5904295 0.5927252 0.5950124 0.597291 0.5995609 0.6018218 0.6040737 0.6063162 0.6085494 0.6107728 0.6129865 0.6151903 0.6173839 0.6195672 0.6217402 0.6239024 0.626054 0.6281946 0.6303242 0.6324425 0.6345495 0.636645 0.6387289 0.6408008 0.6428609 0.644909 0.6469448 0.6489682 0.6509792 0.6529776 0.6549632 
0.5453324 0.5477471 0.550157 0.5525619 0.5549617 0.5573562 0.5597451 0.5621282 0.5645056 0.5668766 0.5692415 0.5715998 0.5739514 0.5762962 0.5786337 0.5809641 0.583287 0.5856023 0.5879098 0.5902092 0.5925004 0.5947833 0.5970576 0.5993232 0.60158 0.6038277 0.606066 0.608295 0.6105144 0.612724 0.6149238 0.6171134 0.6192929 0.6214619 0.6236203 0.625768 0.6279049 0.6300308 0.6321455 0.6342488 0.6363407 0.638421 0.6404895 0.6425462 0.6445908 0.6466233 0.6486434 0.6506512 0.6526463 0.6546288 
0.5451957 0.5476053 0.5500101 0.5524101 0.5548049 0.5571944 0.5595784 0.5619567 0.5643291 0.5666953 0.5690553 0.5714088 0.5737556 0.5760956 0.5784284 0.5807541 0.5830724 0.585383 0.5876858 0.5899807 0.5922674 0.5945457 0.5968156 0.5990767 0.6013291 0.6035723 0.6058064 0.608031 0.6102462 0.6124516 0.6146472 0.6168327 0.6190081 0.621173 0.6233274 0.6254712 0.6276042 0.6297262 0.631837 0.6339366 0.6360248 0.6381014 0.6401663 0.6422194 0.6442605 0.6462894 0.6483062 0.6503105 0.6523024 0.6542816 
0.5450544 0.5474588 0.5498585 0.5522532 0.5546429 0.5570272 0.559406 0.5617792 0.5641465 0.5665077 0.5688627 0.5712112 0.573553 0.575888 0.578216 0.5805367 0.5828501 0.5851559 0.5874539 0.589744 0.5920259 0.5942996 0.5965648 0.5988213 0.6010691 0.6033078 0.6055374 0.6077576 0.6099683 0.6121693 0.6143606 0.6165418 0.6187129 0.6208736 0.6230239 0.6251636 0.6272925 0.6294104 0.6315174 0.633613 0.6356973 0.6377701 0.6398312 0.6418806 0.643918 0.6459433 0.6479566 0.6499574 0.6519458 0.6539217 
0.5449086 0.5473076 0.5497018 0.5520912 0.5544755 0.5568545 0.559228 0.5615959 0.5639579 0.5663138 0.5686635 0.5710068 0.5733435 0.5756733 0.5779962 0.5803119 0.5826202 0.584921 0.587214 0.5894992 0.5917763 0.594045 0.5963054 0.5985572 0.6008001 0.6030341 0.605259 0.6074746 0.6096807 0.6118773 0.614064 0.6162407 0.6184074 0.6205638 0.6227098 0.6248452 0.6269698 0.6290836 0.6311864 0.633278 0.6353583 0.6374272 0.6394843 0.6415299 0.6435635 0.6455851 0.6475946 0.6495919 0.6515767 0.653549 
0.5447584 0.5471517 0.5495403 0.5519241 0.5543028 0.5566763 0.5590443 0.5614067 0.5637632 0.5661137 0.568458 0.5707959 0.5731272 0.5754517 0.5777693 0.5800797 0.5823828 0.5846784 0.5869663 0.5892463 0.5915183 0.5937821 0.5960374 0.5982842 0.6005222 0.6027513 0.6049713 0.6071821 0.6093836 0.6115754 0.6137574 0.6159296 0.6180916 0.6202435 0.6223851 0.624516 0.6266363 0.6287459 0.6308443 0.6329317 0.6350079 0.6370726 0.6391258 0.6411673 0.643197 0.6452147 0.6472204 0.6492139 0.651195 0.6531637 
0.5446036 0.5469911 0.5493739 0.551752 0.5541249 0.5564926 0.5588549 0.5612116 0.5635625 0.5659074 0.568246 0.5705783 0.5729041 0.5752231 0.5775352 0.5798402 0.5821379 0.5844281 0.5867106 0.5889854 0.5912521 0.5935106 0.5957608 0.5980024 0.6002353 0.6024594 0.6046745 0.6068803 0.6090768 0.6112637 0.6134409 0.6156083 0.6177657 0.6199129 0.6220498 0.6241762 0.626292 0.628397 0.6304911 0.6325742 0.634646 0.6367065 0.6387555 0.6407929 0.6428185 0.6448323 0.646834 0.6488236 0.6508009 0.6527658 
0.5444444 0.5468259 0.5492027 0.5515748 0.5539417 0.5563036 0.55866 0.5610107 0.5633557 0.5656948 0.5680277 0.5703542 0.5726743 0.5749876 0.5772941 0.5795934 0.5818855 0.5841701 0.5864472 0.5887164 0.5909777 0.5932308 0.5954757 0.597712 0.5999397 0.6021585 0.6043684 0.6065691 0.6087605 0.6109424 0.6131147 0.6152771 0.6174296 0.619572 0.6217041 0.6238258 0.6259369 0.6280373 0.6301269 0.6322054 0.6342728 0.6363289 0.6383736 0.6404067 0.6424282 0.6444378 0.6464354 0.648421 0.6503944 0.6523554 
0.5442808 0.5466561 0.5490267 0.5513926 0.5537534 0.5561091 0.5584593 0.5608041 0.5631431 0.5654761 0.5678031 0.5701237 0.5724378 0.5747452 0.5770458 0.5793393 0.5816257 0.5839046 0.5861759 0.5884395 0.5906952 0.5929428 0.5951821 0.5974129 0.5996352 0.6018486 0.6040531 0.6062486 0.6084347 0.6106114 0.6127785 0.6149359 0.6170833 0.6192207 0.6213479 0.6234648 0.6255711 0.6276668 0.6297516 0.6318255 0.6338883 0.63594 0.6379802 0.6400089 0.642026 0.6440313 0.6460248 0.6480063 0.6499755 0.6519326 
0.5441128 0.5464816 0.5488459 0.5512053 0.5535598 0.5559092 0.5582532 0.5605917 0.5629244 0.5652513 0.5675721 0.5698866 0.5721946 0.574496 0.5767905 0.5790781 0.5813584 0.5836315 0.5858969 0.5881547 0.5904046 0.5926464 0.59488 0.5971052 0.5993218 0.6015298 0.6037288 0.6059187 0.6080995 0.6102709 0.6124327 0.6145847 0.6167271 0.6188594 0.6209815 0.6230932 0.6251946 0.6272854 0.6293654 0.6314345 0.6334926 0.6355395 0.6375752 0.6395994 0.6416121 0.643613 0.6456022 0.6475793 0.6495445 0.6514974 
0.5439404 0.5463026 0.5486603 0.5510132 0.5533612 0.5557041 0.5580416 0.5603736 0.5627 0.5650204 0.5673348 0.569643 0.5719447 0.5742399 0.5765283 0.5788096 0.5810839 0.5833508 0.5856103 0.587862 0.5901059 0.5923418 0.5945696 0.5967889 0.5989999 0.601202 0.6033954 0.6055797 0.6077549 0.6099207 0.6120771 0.6142238 0.6163608 0.6184877 0.6206046 0.6227113 0.6248075 0.6268932 0.6289683 0.6310325 0.6330857 0.6351279 0.6371588 0.6391784 0.6411865 0.6431829 0.6451676 0.6471404 0.6491012 0.6510499 
0.5437635 0.546119 0.5484699 0.5508161 0.5531573 0.5554935 0.5578244 0.5601498 0.5624695 0.5647835 0.5670913 0.569393 0.5716883 0.573977 0.576259 0.578534 0.580802 0.5830626 0.5853158 0.5875614 0.5897992 0.592029 0.5942507 0.5964642 0.5986691 0.6008654 0.6030529 0.6052315 0.607401 0.6095611 0.6117119 0.6138531 0.6159845 0.6181061 0.6202176 0.6223189 0.6244099 0.6264905 0.6285604 0.6306195 0.6326678 0.6347051 0.6367311 0.6387458 0.6407492 0.642741 0.6447211 0.6466894 0.6486458 0.6505901 
0.5435824 0.5459309 0.5482748 0.5506141 0.5529485 0.5552777 0.5576017 0.5599204 0.5622333 0.5645404 0.5668416 0.5691366 0.5714253 0.5737074 0.5759827 0.5782513 0.5805128 0.582767 0.5850138 0.5872531 0.5894846 0.5917082 0.5939237 0.5961309 0.5983298 0.6005201 0.6027015 0.6048742 0.6070378 0.6091921 0.6113371 0.6134726 0.6155984 0.6177143 0.6198204 0.6219162 0.6240018 0.626077 0.6281417 0.6301956 0.6322387 0.634271 0.636292 0.6383018 0.6403004 0.6422874 0.6442628 0.6462265 0.6481783 0.6501181 
0.5433969 0.5457382 0.548075 0.5504072 0.5527344 0.5550567 0.5573736 0.5596853 0.5619913 0.5642915 0.5665858 0.5688739 0.5711557 0.5734311 0.5756997 0.5779616 0.5802163 0.582464 0.5847043 0.586937 0.589162 0.5913792 0.5935884 0.5957893 0.5979819 0.6001659 0.6023413 0.6045079 0.6066654 0.6088138 0.6109529 0.6130824 0.6152024 0.6173127 0.619413 0.6215032 0.6235833 0.6256531 0.6277123 0.629761 0.6317988 0.6338258 0.6358418 0.6378466 0.6398401 0.6418222 0.6437927 0.6457517 0.6476988 0.6496341 
0.5432071 0.545541 0.5478706 0.5501954 0.5525154 0.5548304 0.5571402 0.5594446 0.5617434 0.5640365 0.5663238 0.5686049 0.5708797 0.5731481 0.5754098 0.5776647 0.5799128 0.5821536 0.5843872 0.5866132 0.5888316 0.5910422 0.5932448 0.5954393 0.5976254 0.5998031 0.6019722 0.6041325 0.6062838 0.608426 0.610559 0.6126827 0.6147967 0.6169011 0.6189956 0.6210801 0.6231545 0.6252186 0.6272723 0.6293155 0.631348 0.6333696 0.6353803 0.6373799 0.6393684 0.6413455 0.6433111 0.6452652 0.6472075 0.649138 
0.5430131 0.5453395 0.5476614 0.5499788 0.5522913 0.5545989 0.5569013 0.5591984 0.5614899 0.5637757 0.5660557 0.5683295 0.5705972 0.5728585 0.5751131 0.577361 0.579602 0.5818359 0.5840626 0.5862817 0.5884933 0.5906972 0.5928931 0.595081 0.5972605 0.5994317 0.6015943 0.6037481 0.6058931 0.6080291 0.6101559 0.6122733 0.6143813 0.6164796 0.6185682 0.6206468 0.6227154 0.6247737 0.6268218 0.6288593 0.6308863 0.6329025 0.6349078 0.6369022 0.6388854 0.6408573 0.6428179 0.6447669 0.6467044 0.6486301 
0.5428148 0.5451334 0.5474477 0.5497574 0.5520623 0.5543623 0.5566571 0.5589466 0.5612306 0.563509 0.5657815 0.568048 0.5703083 0.5725622 0.5748097 0.5770504 0.5792842 0.581511 0.5837306 0.5859427 0.5881473 0.5903443 0.5925333 0.5947143 0.5968872 0.5990517 0.6012077 0.603355 0.6054935 0.607623 0.6097434 0.6118546 0.6139562 0.6160484 0.6181309 0.6202034 0.6222661 0.6243186 0.6263608 0.6283926 0.6304139 0.6324245 0.6344243 0.6364132 0.6383911 0.6403577 0.6423131 0.6442571 0.6461895 0.6481102 
0.5426123 0.544923 0.5472294 0.5495312 0.5518283 0.5541205 0.5564076 0.5586894 0.5609657 0.5632364 0.5655013 0.5677603 0.570013 0.5722595 0.5744995 0.5767328 0.5789593 0.5811788 0.5833911 0.5855961 0.5877936 0.5899835 0.5921655 0.5943396 0.5965055 0.5986632 0.6008124 0.602953 0.6050848 0.6072078 0.6093217 0.6114264 0.6135216 0.6156075 0.6176837 0.6197501 0.6218066 0.6238531 0.6258894 0.6279153 0.6299308 0.6319357 0.6339299 0.6359132 0.6378856 0.6398469 0.6417969 0.6437357 0.645663 0.6475787 
0.5424055 0.5447082 0.5470065 0.5493003 0.5515894 0.5538736 0.5561528 0.5584266 0.5606951 0.5629581 0.5652152 0.5674664 0.5697115 0.5719503 0.5741827 0.5764084 0.5786274 0.5808395 0.5830444 0.585242 0.5874323 0.5896149 0.5917897 0.5939567 0.5961156 0.5982662 0.6004085 0.6025422 0.6046672 0.6067834 0.6088907 0.6109887 0.6130775 0.6151569 0.6172268 0.6192869 0.6213371 0.6233774 0.6254076 0.6274276 0.6294371 0.6314362 0.6334246 0.6354023 0.637369 0.6393248 0.6412694 0.6432028 0.6451249 0.6470354 
0.5421946 0.544489 0.5467791 0.5490647 0.5513456 0.5536216 0.5558927 0.5581585 0.560419 0.5626739 0.5649231 0.5671664 0.5694036 0.5716346 0.5738593 0.5760773 0.5782886 0.580493 0.5826904 0.5848805 0.5870633 0.5892385 0.591406 0.5935657 0.5957174 0.5978609 0.599996 0.6021228 0.6042408 0.6063502 0.6084505 0.6105419 0.612624 0.6146968 0.6167601 0.6188138 0.6208577 0.6228917 0.6249157 0.6269295 0.628933 0.630926 0.6329086 0.6348804 0.6368415 0.6387916 0.6407307 0.6426586 0.6445753 0.6464806 
0.5419796 0.5442655 0.5465472 0.5488244 0.551097 0.5533647 0.5556275 0.5578851 0.5601373 0.562384 0.5646251 0.5668603 0.5690895 0.5713125 0.5735292 0.5757394 0.5779429 0.5801395 0.5823292 0.5845116 0.5866868 0.5888545 0.5910145 0.5931668 0.595311 0.5974472 0.5995752 0.6016947 0.6038057 0.6059079 0.6080014 0.6100858 0.6121612 0.6142272 0.6162838 0.6183309 0.6203683 0.6223959 0.6244135 0.626421 0.6284184 0.6304053 0.6323819 0.6343478 0.636303 0.6382474 0.6401808 0.6421031 0.6440143 0.6459142 
0.5417604 0.5440377 0.5463108 0.5485795 0.5508435 0.5531027 0.555357 0.5576062 0.5598501 0.5620885 0.5643213 0.5665483 0.5687693 0.5709842 0.5731927 0.5753948 0.5775903 0.579779 0.5819608 0.5841354 0.5863028 0.5884628 0.5906152 0.5927598 0.5948966 0.5970253 0.5991458 0.6012581 0.6033618 0.6054569 0.6075432 0.6096207 0.611689 0.6137482 0.615798 0.6178384 0.6198691 0.6218901 0.6239013 0.6259024 0.6278934 0.6298742 0.6318445 0.6338044 0.6357537 0.6376922 0.6396198 0.6415365 0.6434421 0.6453364 
0.5415371 0.5438057 0.54607 0.5483299 0.5505853 0.5528358 0.5550815 0.5573221 0.5595574 0.5617874 0.5640117 0.5662302 0.5684429 0.5706494 0.5728498 0.5750437 0.577231 0.5794116 0.5815853 0.5837519 0.5859114 0.5880635 0.5902081 0.592345 0.5944741 0.5965952 0.5987082 0.600813 0.6029093 0.6049971 0.6070762 0.6091464 0.6112077 0.6132599 0.6153027 0.6173362 0.6193601 0.6213745 0.623379 0.6253737 0.6273582 0.6293327 0.6312968 0.6332504 0.6351936 0.6371261 0.6390479 0.6409587 0.6428586 0.6447474 
0.5413098 0.5435694 0.5458248 0.5480758 0.5503222 0.552564 0.5548009 0.5570327 0.5592594 0.5614806 0.5636963 0.5659063 0.5681104 0.5703084 0.5725003 0.5746859 0.5768649 0.5790372 0.5812027 0.5833613 0.5855126 0.5876567 0.5897933 0.5919223 0.5940437 0.596157 0.5982623 0.6003594 0.6024483 0.6045286 0.6066003 0.6086632 0.6107172 0.6127622 0.6147981 0.6168246 0.6188416 0.6208491 0.6228469 0.6248348 0.6268128 0.6287808 0.6307385 0.6326859 0.6346229 0.6365493 0.638465 0.64037 0.6422641 0.6441471 
0.5410784 0.5433289 0.5455751 0.5478171 0.5500546 0.5522873 0.5545152 0.5567381 0.5589559 0.5611683 0.5633752 0.5655764 0.5677719 0.5699613 0.5721446 0.5743216 0.5764922 0.5786561 0.5808132 0.5829635 0.5851066 0.5872425 0.589371 0.591492 0.5936053 0.5957108 0.5978082 0.5998976 0.6019787 0.6040514 0.6061156 0.6081711 0.6102177 0.6122555 0.614284 0.6163034 0.6183134 0.6203139 0.6223049 0.6242861 0.6262574 0.6282188 0.63017 0.632111 0.6340417 0.6359618 0.6378714 0.6397703 0.6416585 0.6435357 
0.5408431 0.5430842 0.5453212 0.5475539 0.5497822 0.5520058 0.5542246 0.5564384 0.5586471 0.5608504 0.5630484 0.5652408 0.5674274 0.569608 0.5717826 0.5739509 0.5761127 0.5782681 0.5804167 0.5825585 0.5846933 0.5868208 0.5889411 0.5910539 0.5931591 0.5952565 0.597346 0.5994275 0.6015008 0.6035658 0.6056222 0.6076701 0.6097093 0.6117395 0.6137608 0.615773 0.6177758 0.6197693 0.6217532 0.6237274 0.625692 0.6276466 0.6295912 0.6315256 0.6334499 0.6353638 0.6372671 0.6391599 0.6410421 0.6429133 
0.5406038 0.5428354 0.545063 0.5472863 0.5495051 0.5517194 0.5539289 0.5561335 0.558333 0.5605272 0.5627161 0.5648994 0.5670769 0.5692486 0.5714142 0.5735737 0.5757269 0.5778735 0.5800135 0.5821466 0.5842728 0.5863919 0.5885038 0.5906082 0.5927051 0.5947944 0.5968758 0.5989492 0.6010146 0.6030716 0.6051203 0.6071604 0.609192 0.6112147 0.6132284 0.6152332 0.6172287 0.619215 0.6211918 0.6231591 0.6251166 0.6270645 0.6290023 0.6309301 0.6328478 0.6347552 0.6366523 0.6385388 0.6404148 0.64228 
0.5403605 0.5425825 0.5448005 0.5470142 0.5492235 0.5514283 0.5536283 0.5558235 0.5580136 0.5601986 0.5623782 0.5645522 0.5667206 0.5688832 0.5710398 0.5731902 0.5753344 0.5774722 0.5796033 0.5817277 0.5838453 0.5859557 0.588059 0.590155 0.5922435 0.5943244 0.5963976 0.5984628 0.60052 0.602569 0.6046098 0.6066421 0.6086658 0.6106809 0.6126871 0.6146843 0.6166724 0.6186513 0.6206209 0.622581 0.6245315 0.6264724 0.6284034 0.6303244 0.6322355 0.6341363 0.6360269 0.6379071 0.6397768 0.6416359 
0.5401133 0.5423256 0.5445337 0.5467377 0.5489373 0.5511324 0.5533229 0.5555085 0.5576891 0.5598646 0.5620347 0.5641994 0.5663584 0.5685118 0.5706592 0.5728005 0.5749356 0.5770643 0.5791864 0.5813019 0.5834107 0.5855123 0.587607 0.5896943 0.5917743 0.5938467 0.5959114 0.5979683 0.6000173 0.6020582 0.6040909 0.6061152 0.608131 0.6101382 0.6121367 0.6141263 0.6161068 0.6180783 0.6200405 0.6219934 0.6239367 0.6258705 0.6277944 0.6297086 0.6316129 0.6335071 0.6353911 0.6372648 0.6391282 0.6409811 
0.5398623 0.5420645 0.5442628 0.5464569 0.5486467 0.550832 0.5530126 0.5551885 0.5573594 0.5595253 0.5616859 0.563841 0.5659906 0.5681345 0.5702725 0.5724045 0.5745303 0.5766498 0.5787629 0.5808694 0.5829691 0.5850618 0.5871477 0.5892262 0.5912975 0.5933613 0.5954175 0.597466 0.5995066 0.6015391 0.6035636 0.6055798 0.6075876 0.6095868 0.6115774 0.6135592 0.6155321 0.617496 0.6194507 0.6213962 0.6233323 0.6252589 0.6271757 0.629083 0.6309803 0.6328678 0.6347451 0.6366122 0.6384692 0.6403157 
0.5396075 0.5417995 0.5439878 0.5461718 0.5483515 0.5505268 0.5526975 0.5548636 0.5570246 0.5591807 0.5613315 0.563477 0.5656169 0.5677512 0.5698798 0.5720023 0.5741187 0.576229 0.5783327 0.58043 0.5825206 0.5846043 0.5866811 0.5887508 0.5908132 0.5928683 0.5949158 0.5969557 0.5989878 0.6010119 0.603028 0.605036 0.6070356 0.6090267 0.6110094 0.6129833 0.6149484 0.6169046 0.6188517 0.6207896 0.6227183 0.6246376 0.6265473 0.6284475 0.6303378 0.6322183 0.6340889 0.6359494 0.6377997 0.6396398 
0.5393488 0.5415306 0.5437085 0.5458823 0.5480519 0.5502171 0.5523778 0.5545337 0.5566848 0.5588309 0.5609719 0.5631075 0.5652376 0.5673622 0.5694811 0.5715941 0.573701 0.5758017 0.5778961 0.579984 0.5820653 0.5841398 0.5862075 0.5882682 0.5903216 0.5923678 0.5944065 0.5964376 0.5984611 0.6004767 0.6024843 0.6044839 0.6064752 0.6084582 0.6104326 0.6123986 0.6143557 0.6163041 0.6182435 0.6201738 0.622095 0.6240068 0.6259093 0.6278021 0.6296855 0.631559 0.6334226 0.6352764 0.6371201 0.6389536 
0.5390863 0.5412577 0.5434252 0.5455887 0.547748 0.5499029 0.5520533 0.554199 0.55634 0.558476 0.5606069 0.5627325 0.5648528 0.5669675 0.5690765 0.5711797 0.5732769 0.575368 0.5774529 0.5795314 0.5816032 0.5836685 0.5857269 0.5877783 0.5898226 0.5918598 0.5938896 0.5959119 0.5979266 0.5999334 0.6019325 0.6039235 0.6059064 0.6078811 0.6098474 0.6118051 0.6137543 0.6156947 0.6176262 0.6195489 0.6214623 0.6233667 0.6252617 0.6271473 0.6290233 0.6308897 0.6327465 0.6345933 0.6364302 0.6382571 
0.5388201 0.5409809 0.5431379 0.5452908 0.5474396 0.5495841 0.5517241 0.5538595 0.5559902 0.5581159 0.5602366 0.5623522 0.5644624 0.5665671 0.5686662 0.5707595 0.5728468 0.5749282 0.5770034 0.5790722 0.5811346 0.5831903 0.5852393 0.5872814 0.5893165 0.5913445 0.5933652 0.5953785 0.5973843 0.5993823 0.6013727 0.6033551 0.6053294 0.6072956 0.6092535 0.611203 0.613144 0.6150764  0.617 0.6189147 0.6208205 0.6227171 0.6246046 0.6264828 0.6283516 0.6302108 0.6320604 0.6339003 0.6357303 0.6375504 
0.5385503 0.5407003 0.5428466 0.5449888 0.5471269 0.5492609 0.5513903 0.5535153 0.5556355 0.5577509 0.5598612 0.5619665 0.5640665 0.566161 0.56825 0.5703332 0.5724107 0.5744821 0.5765474 0.5786065 0.5806592 0.5827053 0.5847448 0.5867775 0.5888032 0.5908219 0.5928334 0.5948376 0.5968343 0.5988234 0.6008049 0.6027786 0.6047443 0.6067019 0.6086513 0.6105924 0.6125252 0.6144494 0.6163649 0.6182716 0.6201696 0.6220585 0.6239383 0.625809 0.6276703 0.6295221 0.6313646 0.6331974 0.6350205 0.6368338 
0.5382767 0.5404159 0.5425513 0.5446827 0.5468101 0.5489332 0.551052 0.5531663 0.5552759 0.5573808 0.5594807 0.5615755 0.5636652 0.5657494 0.5678281 0.5699012 0.5719686 0.5740299 0.5760853 0.5781345 0.5801773 0.5822137 0.5842435 0.5862666 0.5882828 0.5902922 0.5922943 0.5942892 0.5962768 0.5982569 0.6002293 0.6021941 0.604151 0.6061 0.6080408 0.6099734 0.6118978 0.6138137 0.615721 0.6176198 0.6195096 0.6213907 0.6232628 0.6251258 0.6269796 0.6288241 0.6306592 0.6324848 0.6343009 0.6361072 
0.5379996 0.5401277 0.5422521 0.5443725 0.5464889 0.5486013 0.5507092 0.5528127 0.5549116 0.5570058 0.5590951 0.5611793 0.5632585 0.5653322 0.5674006 0.5694634 0.5715204 0.5735717 0.575617 0.5776561 0.579689 0.5817155 0.5837355 0.5857489 0.5877555 0.5897552 0.5917479 0.5937335 0.5957118 0.5976827 0.5996461 0.6016018 0.6035498 0.6054899 0.6074221 0.6093462 0.611262 0.6131694 0.6150685 0.616959 0.6188409 0.6207139 0.6225782 0.6244335 0.6262796 0.6281166 0.6299443 0.6317627 0.6335716 0.6353709 
