6.318891 6.390342 6.461793 6.533244 6.604695 6.676147 6.747598 6.819048 6.8905 6.961951 7.033402 7.104853 7.176304 7.247756 7.319207 7.390658 7.462109 7.53356 7.605011 7.676462 7.747913 7.819365 7.890816 7.962267 8.033718 8.105169 8.17662 8.248072 8.319523 8.390974 8.462425 8.533876 8.605328 8.676779 8.74823 8.819681 8.891132 8.962583 9.034034 9.105485 9.176936 9.248387 9.319839 9.39129 9.462741 9.534192 9.605643 9.677094 9.748546 9.819997 
6.318891 6.390342 6.461793 6.533244 6.604695 6.676147 6.747598 6.819048 6.8905 6.961951 7.033402 7.104853 7.176304 7.247756 7.319207 7.390658 7.462109 7.53356 7.605011 7.676462 7.747913 7.819365 7.890816 7.962267 8.033718 8.105169 8.17662 8.248072 8.319523 8.390974 8.462425 8.533876 8.605328 8.676779 8.74823 8.819681 8.891132 8.962583 9.034034 9.105485 9.176936 9.248387 9.319839 9.39129 9.462741 9.534192 9.605643 9.677094 9.748546 9.819997 
6.318891 6.390342 6.461793 6.533244 6.604695 6.676147 6.747598 6.819048 6.8905 6.961951 7.033402 7.104853 7.176304 7.247756 7.319207 7.390658 7.462109 7.53356 7.605011 7.676462 7.747913 7.819365 7.890816 7.962267 8.033718 8.105169 8.17662 8.248072 8.319523 8.390974 8.462425 8.533876 8.605328 8.676779 8.74823 8.819681 8.891132 8.962583 9.034034 9.105485 9.176936 9.248387 9.319839 9.39129 9.462741 9.534192 9.605643 9.677094 9.748546 9.819997 
6.318891 6.390342 6.461793 6.533244 6.604695 6.676147 6.747598 6.819048 6.8905 6.961951 7.033402 7.104853 7.176304 7.247756 7.319207 7.390658 7.462109 7.53356 7.605011 7.676462 7.747913 7.819365 7.890816 7.962267 8.033718 8.105169 8.17662 8.248072 8.319523 8.390974 8.462425 8.533876 8.605328 8.676779 8.74823 8.819681 8.891132 8.962583 9.034034 9.105485 9.176936 9.248387 9.319839 9.39129 9.462741 9.534192 9.605643 9.677094 9.748546 9.819997 
6.318891 6.390342 6.461793 6.533244 6.604695 6.676147 6.747598 6.819048 6.8905 6.961951 7.033402 7.104853 7.176304 7.247756 7.319207 7.390658 7.462109 7.53356 7.605011 7.676462 7.747913 7.819365 7.890816 7.962267 8.033718 8.105169 8.17662 8.248072 8.319523 8.390974 8.462425 8.533876 8.605328 8.676779 8.74823 8.819681 8.891132 8.962583 9.034034 9.105485 9.176936 9.248387 9.319839 9.39129 9.462741 9.534192 9.605643 9.677094 9.748546 9.819997 
6.318891 6.390342 6.461793 6.533244 6.604695 6.676147 6.747598 6.819048 6.8905 6.961951 7.033402 7.104853 7.176304 7.247756 7.319207 7.390658 7.462109 7.53356 7.605011 7.676462 7.747913 7.819365 7.890816 7.962267 8.033718 8.105169 8.17662 8.248072 8.319523 8.390974 8.462425 8.533876 8.605328 8.676779 8.74823 8.819681 8.891132 8.962583 9.034034 9.105485 9.176936 9.248387 9.319839 9.39129 9.462741 9.534192 9.605643 9.677094 9.748546 9.819997 
6.318891 6.390342 6.461793 6.533244 6.604695 6.676147 6.747598 6.819048 6.8905 6.961951 7.033402 7.104853 7.176304 7.247756 7.319207 7.390658 7.462109 7.53356 7.605011 7.676462 7.747913 7.819365 7.890816 7.962267 8.033718 8.105169 8.17662 8.248072 8.319523 8.390974 8.462425 8.533876 8.605328 8.676779 8.74823 8.819681 8.891132 8.962583 9.034034 9.105485 9.176936 9.248387 9.319839 9.39129 9.462741 9.534192 9.605643 9.677094 9.748546 9.819997 
6.318891 6.390342 6.461793 6.533244 6.604695 6.676147 6.747598 6.819048 6.8905 6.961951 7.033402 7.104853 7.176304 7.247756 7.319207 7.390658 7.462109 7.53356 7.605011 7.676462 7.747913 7.819365 7.890816 7.962267 8.033718 8.105169 8.17662 8.248072 8.319523 8.390974 8.462425 8.533876 8.605328 8.676779 8.74823 8.819681 8.891132 8.962583 9.034034 9.105485 9.176936 9.248387 9.319839 9.39129 9.462741 9.534192 9.605643 9.677094 9.748546 9.819997 
6.318891 6.390342 6.461793 6.533244 6.604695 6.676147 6.747598 6.819048 6.8905 6.961951 7.033402 7.104853 7.176304 7.247756 7.319207 7.390658 7.462109 7.53356 7.605011 7.676462 7.747913 7.819365 7.890816 7.962267 8.033718 8.105169 8.17662 8.248072 8.319523 8.390974 8.462425 8.533876 8.605328 8.676779 8.74823 8.819681 8.891132 8.962583 9.034034 9.105485 9.176936 9.248387 9.319839 9.39129 9.462741 9.534192 9.605643 9.677094 9.748546 9.819997 
6.318891 6.390342 6.461793 6.533244 6.604695 6.676147 6.747598 6.819048 6.8905 6.961951 7.033402 7.104853 7.176304 7.247756 7.319207 7.390658 7.462109 7.53356 7.605011 7.676462 7.747913 7.819365 7.890816 7.962267 8.033718 8.105169 8.17662 8.248072 8.319523 8.390974 8.462425 8.533876 8.605328 8.676779 8.74823 8.819681 8.891132 8.962583 9.034034 9.105485 9.176936 9.248387 9.319839 9.39129 9.462741 9.534192 9.605643 9.677094 9.748546 9.819997 
6.318891 6.390342 6.461793 6.533244 6.604695 6.676147 6.747598 6.819048 6.8905 6.961951 7.033402 7.104853 7.176304 7.247756 7.319207 7.390658 7.462109 7.53356 7.605011 7.676462 7.747913 7.819365 7.890816 7.962267 8.033718 8.105169 8.17662 8.248072 8.319523 8.390974 8.462425 8.533876 8.605328 8.676779 8.74823 8.819681 8.891132 8.962583 9.034034 9.105485 9.176936 9.248387 9.319839 9.39129 9.462741 9.534192 9.605643 9.677094 9.748546 9.819997 
6.318891 6.390342 6.461793 6.533244 6.604695 6.676147 6.747598 6.819048 6.8905 6.961951 7.033402 7.104853 7.176304 7.247756 7.319207 7.390658 7.462109 7.53356 7.605011 7.676462 7.747913 7.819365 7.890816 7.962267 8.033718 8.105169 8.17662 8.248072 8.319523 8.390974 8.462425 8.533876 8.605328 8.676779 8.74823 8.819681 8.891132 8.962583 9.034034 9.105485 9.176936 9.248387 9.319839 9.39129 9.462741 9.534192 9.605643 9.677094 9.748546 9.819997 
6.318891 6.390342 6.461793 6.533244 6.604695 6.676147 6.747598 6.819048 6.8905 6.961951 7.033402 7.104853 7.176304 7.247756 7.319207 7.390658 7.462109 7.53356 7.605011 7.676462 7.747913 7.819365 7.890816 7.962267 8.033718 8.105169 8.17662 8.248072 8.319523 8.390974 8.462425 8.533876 8.605328 8.676779 8.74823 8.819681 8.891132 8.962583 9.034034 9.105485 9.176936 9.248387 9.319839 9.39129 9.462741 9.534192 9.605643 9.677094 9.748546 9.819997 
6.318891 6.390342 6.461793 6.533244 6.604695 6.676147 6.747598 6.819048 6.8905 6.961951 7.033402 7.104853 7.176304 7.247756 7.319207 7.390658 7.462109 7.53356 7.605011 7.676462 7.747913 7.819365 7.890816 7.962267 8.033718 8.105169 8.17662 8.248072 8.319523 8.390974 8.462425 8.533876 8.605328 8.676779 8.74823 8.819681 8.891132 8.962583 9.034034 9.105485 9.176936 9.248387 9.319839 9.39129 9.462741 9.534192 9.605643 9.677094 9.748546 9.819997 
6.318891 6.390342 6.461793 6.533244 6.604695 6.676147 6.747598 6.819048 6.8905 6.961951 7.033402 7.104853 7.176304 7.247756 7.319207 7.390658 7.462109 7.53356 7.605011 7.676462 7.747913 7.819365 7.890816 7.962267 8.033718 8.105169 8.17662 8.248072 8.319523 8.390974 8.462425 8.533876 8.605328 8.676779 8.74823 8.819681 8.891132 8.962583 9.034034 9.105485 9.176936 9.248387 9.319839 9.39129 9.462741 9.534192 9.605643 9.677094 9.748546 9.819997 
6.318891 6.390342 6.461793 6.533244 6.604695 6.676147 6.747598 6.819048 6.8905 6.961951 7.033402 7.104853 7.176304 7.247756 7.319207 7.390658 7.462109 7.53356 7.605011 7.676462 7.747913 7.819365 7.890816 7.962267 8.033718 8.105169 8.17662 8.248072 8.319523 8.390974 8.462425 8.533876 8.605328 8.676779 8.74823 8.819681 8.891132 8.962583 9.034034 9.105485 9.176936 9.248387 9.319839 9.39129 9.462741 9.534192 9.605643 9.677094 9.748546 9.819997 
6.318891 6.390342 6.461793 6.533244 6.604695 6.676147 6.747598 6.819048 6.8905 6.961951 7.033402 7.104853 7.176304 7.247756 7.319207 7.390658 7.462109 7.53356 7.605011 7.676462 7.747913 7.819365 7.890816 7.962267 8.033718 8.105169 8.17662 8.248072 8.319523 8.390974 8.462425 8.533876 8.605328 8.676779 8.74823 8.819681 8.891132 8.962583 9.034034 9.105485 9.176936 9.248387 9.319839 9.39129 9.462741 9.534192 9.605643 9.677094 9.748546 9.819997 
6.318891 6.390342 6.461793 6.533244 6.604695 6.676147 6.747598 6.819048 6.8905 6.961951 7.033402 7.104853 7.176304 7.247756 7.319207 7.390658 7.462109 7.53356 7.605011 7.676462 7.747913 7.819365 7.890816 7.962267 8.033718 8.105169 8.17662 8.248072 8.319523 8.390974 8.462425 8.533876 8.605328 8.676779 8.74823 8.819681 8.891132 8.962583 9.034034 9.105485 9.176936 9.248387 9.319839 9.39129 9.462741 9.534192 9.605643 9.677094 9.748546 9.819997 
6.318891 6.390342 6.461793 6.533244 6.604695 6.676147 6.747598 6.819048 6.8905 6.961951 7.033402 7.104853 7.176304 7.247756 7.319207 7.390658 7.462109 7.53356 7.605011 7.676462 7.747913 7.819365 7.890816 7.962267 8.033718 8.105169 8.17662 8.248072 8.319523 8.390974 8.462425 8.533876 8.605328 8.676779 8.74823 8.819681 8.891132 8.962583 9.034034 9.105485 9.176936 9.248387 9.319839 9.39129 9.462741 9.534192 9.605643 9.677094 9.748546 9.819997 
6.318891 6.390342 6.461793 6.533244 6.604695 6.676147 6.747598 6.819048 6.8905 6.961951 7.033402 7.104853 7.176304 7.247756 7.319207 7.390658 7.462109 7.53356 7.605011 7.676462 7.747913 7.819365 7.890816 7.962267 8.033718 8.105169 8.17662 8.248072 8.319523 8.390974 8.462425 8.533876 8.605328 8.676779 8.74823 8.819681 8.891132 8.962583 9.034034 9.105485 9.176936 9.248387 9.319839 9.39129 9.462741 9.534192 9.605643 9.677094 9.748546 9.819997 
6.318891 6.390342 6.461793 6.533244 6.604695 6.676147 6.747598 6.819048 6.8905 6.961951 7.033402 7.104853 7.176304 7.247756 7.319207 7.390658 7.462109 7.53356 7.605011 7.676462 7.747913 7.819365 7.890816 7.962267 8.033718 8.105169 8.17662 8.248072 8.319523 8.390974 8.462425 8.533876 8.605328 8.676779 8.74823 8.819681 8.891132 8.962583 9.034034 9.105485 9.176936 9.248387 9.319839 9.39129 9.462741 9.534192 9.605643 9.677094 9.748546 9.819997 
6.318891 6.390342 6.461793 6.533244 6.604695 6.676147 6.747598 6.819048 6.8905 6.961951 7.033402 7.104853 7.176304 7.247756 7.319207 7.390658 7.462109 7.53356 7.605011 7.676462 7.747913 7.819365 7.890816 7.962267 8.033718 8.105169 8.17662 8.248072 8.319523 8.390974 8.462425 8.533876 8.605328 8.676779 8.74823 8.819681 8.891132 8.962583 9.034034 9.105485 9.176936 9.248387 9.319839 9.39129 9.462741 9.534192 9.605643 9.677094 9.748546 9.819997 
6.318891 6.390342 6.461793 6.533244 6.604695 6.676147 6.747598 6.819048 6.8905 6.961951 7.033402 7.104853 7.176304 7.247756 7.319207 7.390658 7.462109 7.53356 7.605011 7.676462 7.747913 7.819365 7.890816 7.962267 8.033718 8.105169 8.17662 8.248072 8.319523 8.390974 8.462425 8.533876 8.605328 8.676779 8.74823 8.819681 8.891132 8.962583 9.034034 9.105485 9.176936 9.248387 9.319839 9.39129 9.462741 9.534192 9.605643 9.677094 9.748546 9.819997 
6.318891 6.390342 6.461793 6.533244 6.604695 6.676147 6.747598 6.819048 6.8905 6.961951 7.033402 7.104853 7.176304 7.247756 7.319207 7.390658 7.462109 7.53356 7.605011 7.676462 7.747913 7.819365 7.890816 7.962267 8.033718 8.105169 8.17662 8.248072 8.319523 8.390974 8.462425 8.533876 8.605328 8.676779 8.74823 8.819681 8.891132 8.962583 9.034034 9.105485 9.176936 9.248387 9.319839 9.39129 9.462741 9.534192 9.605643 9.677094 9.748546 9.819997 
6.318891 6.390342 6.461793 6.533244 6.604695 6.676147 6.747598 6.819048 6.8905 6.961951 7.033402 7.104853 7.176304 7.247756 7.319207 7.390658 7.462109 7.53356 7.605011 7.676462 7.747913 7.819365 7.890816 7.962267 8.033718 8.105169 8.17662 8.248072 8.319523 8.390974 8.462425 8.533876 8.605328 8.676779 8.74823 8.819681 8.891132 8.962583 9.034034 9.105485 9.176936 9.248387 9.319839 9.39129 9.462741 9.534192 9.605643 9.677094 9.748546 9.819997 
6.318891 6.390342 6.461793 6.533244 6.604695 6.676147 6.747598 6.819048 6.8905 6.961951 7.033402 7.104853 7.176304 7.247756 7.319207 7.390658 7.462109 7.53356 7.605011 7.676462 7.747913 7.819365 7.890816 7.962267 8.033718 8.105169 8.17662 8.248072 8.319523 8.390974 8.462425 8.533876 8.605328 8.676779 8.74823 8.819681 8.891132 8.962583 9.034034 9.105485 9.176936 9.248387 9.319839 9.39129 9.462741 9.534192 9.605643 9.677094 9.748546 9.819997 
6.318891 6.390342 6.461793 6.533244 6.604695 6.676147 6.747598 6.819048 6.8905 6.961951 7.033402 7.104853 7.176304 7.247756 7.319207 7.390658 7.462109 7.53356 7.605011 7.676462 7.747913 7.819365 7.890816 7.962267 8.033718 8.105169 8.17662 8.248072 8.319523 8.390974 8.462425 8.533876 8.605328 8.676779 8.74823 8.819681 8.891132 8.962583 9.034034 9.105485 9.176936 9.248387 9.319839 9.39129 9.462741 9.534192 9.605643 9.677094 9.748546 9.819997 
6.318891 6.390342 6.461793 6.533244 6.604695 6.676147 6.747598 6.819048 6.8905 6.961951 7.033402 7.104853 7.176304 7.247756 7.319207 7.390658 7.462109 7.53356 7.605011 7.676462 7.747913 7.819365 7.890816 7.962267 8.033718 8.105169 8.17662 8.248072 8.319523 8.390974 8.462425 8.533876 8.605328 8.676779 8.74823 8.819681 8.891132 8.962583 9.034034 9.105485 9.176936 9.248387 9.319839 9.39129 9.462741 9.534192 9.605643 9.677094 9.748546 9.819997 
6.318891 6.390342 6.461793 6.533244 6.604695 6.676147 6.747598 6.819048 6.8905 6.961951 7.033402 7.104853 7.176304 7.247756 7.319207 7.390658 7.462109 7.53356 7.605011 7.676462 7.747913 7.819365 7.890816 7.962267 8.033718 8.105169 8.17662 8.248072 8.319523 8.390974 8.462425 8.533876 8.605328 8.676779 8.74823 8.819681 8.891132 8.962583 9.034034 9.105485 9.176936 9.248387 9.319839 9.39129 9.462741 9.534192 9.605643 9.677094 9.748546 9.819997 
6.318891 6.390342 6.461793 6.533244 6.604695 6.676147 6.747598 6.819048 6.8905 6.961951 7.033402 7.104853 7.176304 7.247756 7.319207 7.390658 7.462109 7.53356 7.605011 7.676462 7.747913 7.819365 7.890816 7.962267 8.033718 8.105169 8.17662 8.248072 8.319523 8.390974 8.462425 8.533876 8.605328 8.676779 8.74823 8.819681 8.891132 8.962583 9.034034 9.105485 9.176936 9.248387 9.319839 9.39129 9.462741 9.534192 9.605643 9.677094 9.748546 9.819997 
6.318891 6.390342 6.461793 6.533244 6.604695 6.676147 6.747598 6.819048 6.8905 6.961951 7.033402 7.104853 7.176304 7.247756 7.319207 7.390658 7.462109 7.53356 7.605011 7.676462 7.747913 7.819365 7.890816 7.962267 8.033718 8.105169 8.17662 8.248072 8.319523 8.390974 8.462425 8.533876 8.605328 8.676779 8.74823 8.819681 8.891132 8.962583 9.034034 9.105485 9.176936 9.248387 9.319839 9.39129 9.462741 9.534192 9.605643 9.677094 9.748546 9.819997 
6.318891 6.390342 6.461793 6.533244 6.604695 6.676147 6.747598 6.819048 6.8905 6.961951 7.033402 7.104853 7.176304 7.247756 7.319207 7.390658 7.462109 7.53356 7.605011 7.676462 7.747913 7.819365 7.890816 7.962267 8.033718 8.105169 8.17662 8.248072 8.319523 8.390974 8.462425 8.533876 8.605328 8.676779 8.74823 8.819681 8.891132 8.962583 9.034034 9.105485 9.176936 9.248387 9.319839 9.39129 9.462741 9.534192 9.605643 9.677094 9.748546 9.819997 
6.318891 6.390342 6.461793 6.533244 6.604695 6.676147 6.747598 6.819048 6.8905 6.961951 7.033402 7.104853 7.176304 7.247756 7.319207 7.390658 7.462109 7.53356 7.605011 7.676462 7.747913 7.819365 7.890816 7.962267 8.033718 8.105169 8.17662 8.248072 8.319523 8.390974 8.462425 8.533876 8.605328 8.676779 8.74823 8.819681 8.891132 8.962583 9.034034 9.105485 9.176936 9.248387 9.319839 9.39129 9.462741 9.534192 9.605643 9.677094 9.748546 9.819997 
6.318891 6.390342 6.461793 6.533244 6.604695 6.676147 6.747598 6.819048 6.8905 6.961951 7.033402 7.104853 7.176304 7.247756 7.319207 7.390658 7.462109 7.53356 7.605011 7.676462 7.747913 7.819365 7.890816 7.962267 8.033718 8.105169 8.17662 8.248072 8.319523 8.390974 8.462425 8.533876 8.605328 8.676779 8.74823 8.819681 8.891132 8.962583 9.034034 9.105485 9.176936 9.248387 9.319839 9.39129 9.462741 9.534192 9.605643 9.677094 9.748546 9.819997 
6.318891 6.390342 6.461793 6.533244 6.604695 6.676147 6.747598 6.819048 6.8905 6.961951 7.033402 7.104853 7.176304 7.247756 7.319207 7.390658 7.462109 7.53356 7.605011 7.676462 7.747913 7.819365 7.890816 7.962267 8.033718 8.105169 8.17662 8.248072 8.319523 8.390974 8.462425 8.533876 8.605328 8.676779 8.74823 8.819681 8.891132 8.962583 9.034034 9.105485 9.176936 9.248387 9.319839 9.39129 9.462741 9.534192 9.605643 9.677094 9.748546 9.819997 
6.318891 6.390342 6.461793 6.533244 6.604695 6.676147 6.747598 6.819048 6.8905 6.961951 7.033402 7.104853 7.176304 7.247756 7.319207 7.390658 7.462109 7.53356 7.605011 7.676462 7.747913 7.819365 7.890816 7.962267 8.033718 8.105169 8.17662 8.248072 8.319523 8.390974 8.462425 8.533876 8.605328 8.676779 8.74823 8.819681 8.891132 8.962583 9.034034 9.105485 9.176936 9.248387 9.319839 9.39129 9.462741 9.534192 9.605643 9.677094 9.748546 9.819997 
6.318891 6.390342 6.461793 6.533244 6.604695 6.676147 6.747598 6.819048 6.8905 6.961951 7.033402 7.104853 7.176304 7.247756 7.319207 7.390658 7.462109 7.53356 7.605011 7.676462 7.747913 7.819365 7.890816 7.962267 8.033718 8.105169 8.17662 8.248072 8.319523 8.390974 8.462425 8.533876 8.605328 8.676779 8.74823 8.819681 8.891132 8.962583 9.034034 9.105485 9.176936 9.248387 9.319839 9.39129 9.462741 9.534192 9.605643 9.677094 9.748546 9.819997 
6.318891 6.390342 6.461793 6.533244 6.604695 6.676147 6.747598 6.819048 6.8905 6.961951 7.033402 7.104853 7.176304 7.247756 7.319207 7.390658 7.462109 7.53356 7.605011 7.676462 7.747913 7.819365 7.890816 7.962267 8.033718 8.105169 8.17662 8.248072 8.319523 8.390974 8.462425 8.533876 8.605328 8.676779 8.74823 8.819681 8.891132 8.962583 9.034034 9.105485 9.176936 9.248387 9.319839 9.39129 9.462741 9.534192 9.605643 9.677094 9.748546 9.819997 
6.318891 6.390342 6.461793 6.533244 6.604695 6.676147 6.747598 6.819048 6.8905 6.961951 7.033402 7.104853 7.176304 7.247756 7.319207 7.390658 7.462109 7.53356 7.605011 7.676462 7.747913 7.819365 7.890816 7.962267 8.033718 8.105169 8.17662 8.248072 8.319523 8.390974 8.462425 8.533876 8.605328 8.676779 8.74823 8.819681 8.891132 8.962583 9.034034 9.105485 9.176936 9.248387 9.319839 9.39129 9.462741 9.534192 9.605643 9.677094 9.748546 9.819997 
6.318891 6.390342 6.461793 6.533244 6.604695 6.676147 6.747598 6.819048 6.8905 6.961951 7.033402 7.104853 7.176304 7.247756 7.319207 7.390658 7.462109 7.53356 7.605011 7.676462 7.747913 7.819365 7.890816 7.962267 8.033718 8.105169 8.17662 8.248072 8.319523 8.390974 8.462425 8.533876 8.605328 8.676779 8.74823 8.819681 8.891132 8.962583 9.034034 9.105485 9.176936 9.248387 9.319839 9.39129 9.462741 9.534192 9.605643 9.677094 9.748546 9.819997 
6.318891 6.390342 6.461793 6.533244 6.604695 6.676147 6.747598 6.819048 6.8905 6.961951 7.033402 7.104853 7.176304 7.247756 7.319207 7.390658 7.462109 7.53356 7.605011 7.676462 7.747913 7.819365 7.890816 7.962267 8.033718 8.105169 8.17662 8.248072 8.319523 8.390974 8.462425 8.533876 8.605328 8.676779 8.74823 8.819681 8.891132 8.962583 9.034034 9.105485 9.176936 9.248387 9.319839 9.39129 9.462741 9.534192 9.605643 9.677094 9.748546 9.819997 
6.318891 6.390342 6.461793 6.533244 6.604695 6.676147 6.747598 6.819048 6.8905 6.961951 7.033402 7.104853 7.176304 7.247756 7.319207 7.390658 7.462109 7.53356 7.605011 7.676462 7.747913 7.819365 7.890816 7.962267 8.033718 8.105169 8.17662 8.248072 8.319523 8.390974 8.462425 8.533876 8.605328 8.676779 8.74823 8.819681 8.891132 8.962583 9.034034 9.105485 9.176936 9.248387 9.319839 9.39129 9.462741 9.534192 9.605643 9.677094 9.748546 9.819997 
6.318891 6.390342 6.461793 6.533244 6.604695 6.676147 6.747598 6.819048 6.8905 6.961951 7.033402 7.104853 7.176304 7.247756 7.319207 7.390658 7.462109 7.53356 7.605011 7.676462 7.747913 7.819365 7.890816 7.962267 8.033718 8.105169 8.17662 8.248072 8.319523 8.390974 8.462425 8.533876 8.605328 8.676779 8.74823 8.819681 8.891132 8.962583 9.034034 9.105485 9.176936 9.248387 9.319839 9.39129 9.462741 9.534192 9.605643 9.677094 9.748546 9.819997 
6.318891 6.390342 6.461793 6.533244 6.604695 6.676147 6.747598 6.819048 6.8905 6.961951 7.033402 7.104853 7.176304 7.247756 7.319207 7.390658 7.462109 7.53356 7.605011 7.676462 7.747913 7.819365 7.890816 7.962267 8.033718 8.105169 8.17662 8.248072 8.319523 8.390974 8.462425 8.533876 8.605328 8.676779 8.74823 8.819681 8.891132 8.962583 9.034034 9.105485 9.176936 9.248387 9.319839 9.39129 9.462741 9.534192 9.605643 9.677094 9.748546 9.819997 
6.318891 6.390342 6.461793 6.533244 6.604695 6.676147 6.747598 6.819048 6.8905 6.961951 7.033402 7.104853 7.176304 7.247756 7.319207 7.390658 7.462109 7.53356 7.605011 7.676462 7.747913 7.819365 7.890816 7.962267 8.033718 8.105169 8.17662 8.248072 8.319523 8.390974 8.462425 8.533876 8.605328 8.676779 8.74823 8.819681 8.891132 8.962583 9.034034 9.105485 9.176936 9.248387 9.319839 9.39129 9.462741 9.534192 9.605643 9.677094 9.748546 9.819997 
6.318891 6.390342 6.461793 6.533244 6.604695 6.676147 6.747598 6.819048 6.8905 6.961951 7.033402 7.104853 7.176304 7.247756 7.319207 7.390658 7.462109 7.53356 7.605011 7.676462 7.747913 7.819365 7.890816 7.962267 8.033718 8.105169 8.17662 8.248072 8.319523 8.390974 8.462425 8.533876 8.605328 8.676779 8.74823 8.819681 8.891132 8.962583 9.034034 9.105485 9.176936 9.248387 9.319839 9.39129 9.462741 9.534192 9.605643 9.677094 9.748546 9.819997 
6.318891 6.390342 6.461793 6.533244 6.604695 6.676147 6.747598 6.819048 6.8905 6.961951 7.033402 7.104853 7.176304 7.247756 7.319207 7.390658 7.462109 7.53356 7.605011 7.676462 7.747913 7.819365 7.890816 7.962267 8.033718 8.105169 8.17662 8.248072 8.319523 8.390974 8.462425 8.533876 8.605328 8.676779 8.74823 8.819681 8.891132 8.962583 9.034034 9.105485 9.176936 9.248387 9.319839 9.39129 9.462741 9.534192 9.605643 9.677094 9.748546 9.819997 
6.318891 6.390342 6.461793 6.533244 6.604695 6.676147 6.747598 6.819048 6.8905 6.961951 7.033402 7.104853 7.176304 7.247756 7.319207 7.390658 7.462109 7.53356 7.605011 7.676462 7.747913 7.819365 7.890816 7.962267 8.033718 8.105169 8.17662 8.248072 8.319523 8.390974 8.462425 8.533876 8.605328 8.676779 8.74823 8.819681 8.891132 8.962583 9.034034 9.105485 9.176936 9.248387 9.319839 9.39129 9.462741 9.534192 9.605643 9.677094 9.748546 9.819997 
6.318891 6.390342 6.461793 6.533244 6.604695 6.676147 6.747598 6.819048 6.8905 6.961951 7.033402 7.104853 7.176304 7.247756 7.319207 7.390658 7.462109 7.53356 7.605011 7.676462 7.747913 7.819365 7.890816 7.962267 8.033718 8.105169 8.17662 8.248072 8.319523 8.390974 8.462425 8.533876 8.605328 8.676779 8.74823 8.819681 8.891132 8.962583 9.034034 9.105485 9.176936 9.248387 9.319839 9.39129 9.462741 9.534192 9.605643 9.677094 9.748546 9.819997 
6.318891 6.390342 6.461793 6.533244 6.604695 6.676147 6.747598 6.819048 6.8905 6.961951 7.033402 7.104853 7.176304 7.247756 7.319207 7.390658 7.462109 7.53356 7.605011 7.676462 7.747913 7.819365 7.890816 7.962267 8.033718 8.105169 8.17662 8.248072 8.319523 8.390974 8.462425 8.533876 8.605328 8.676779 8.74823 8.819681 8.891132 8.962583 9.034034 9.105485 9.176936 9.248387 9.319839 9.39129 9.462741 9.534192 9.605643 9.677094 9.748546 9.819997 
