-3.232603 -3.254624 -3.276645 -3.298666 -3.320687 -3.342708 -3.364729 -3.38675 -3.408771 -3.430792 -3.452813 -3.474834 -3.496855 -3.518876 -3.540897 -3.562918 -3.584939 -3.60696 -3.628981 -3.651002 -3.673023 -3.695044 -3.717065 -3.739086 -3.761107 -3.783128 -3.805149 -3.82717 -3.849191 -3.871212 -3.893233 -3.915253 -3.937274 -3.959296 -3.981317 -4.003337 -4.025359 -4.047379 -4.0694 -4.091421 -4.113442 -4.135463 -4.157485 -4.179505 -4.201526 -4.223547 -4.245568 -4.267589 -4.28961 -4.311631 
-3.232603 -3.254624 -3.276645 -3.298666 -3.320687 -3.342708 -3.364729 -3.38675 -3.408771 -3.430792 -3.452813 -3.474834 -3.496855 -3.518876 -3.540897 -3.562918 -3.584939 -3.60696 -3.628981 -3.651002 -3.673023 -3.695044 -3.717065 -3.739086 -3.761107 -3.783128 -3.805149 -3.82717 -3.849191 -3.871212 -3.893233 -3.915253 -3.937274 -3.959296 -3.981317 -4.003337 -4.025359 -4.047379 -4.0694 -4.091421 -4.113442 -4.135463 -4.157485 -4.179505 -4.201526 -4.223547 -4.245568 -4.267589 -4.28961 -4.311631 
-3.232603 -3.254624 -3.276645 -3.298666 -3.320687 -3.342708 -3.364729 -3.38675 -3.408771 -3.430792 -3.452813 -3.474834 -3.496855 -3.518876 -3.540897 -3.562918 -3.584939 -3.60696 -3.628981 -3.651002 -3.673023 -3.695044 -3.717065 -3.739086 -3.761107 -3.783128 -3.805149 -3.82717 -3.849191 -3.871212 -3.893233 -3.915253 -3.937274 -3.959296 -3.981317 -4.003337 -4.025359 -4.047379 -4.0694 -4.091421 -4.113442 -4.135463 -4.157485 -4.179505 -4.201526 -4.223547 -4.245568 -4.267589 -4.28961 -4.311631 
-3.232603 -3.254624 -3.276645 -3.298666 -3.320687 -3.342708 -3.364729 -3.38675 -3.408771 -3.430792 -3.452813 -3.474834 -3.496855 -3.518876 -3.540897 -3.562918 -3.584939 -3.60696 -3.628981 -3.651002 -3.673023 -3.695044 -3.717065 -3.739086 -3.761107 -3.783128 -3.805149 -3.82717 -3.849191 -3.871212 -3.893233 -3.915253 -3.937274 -3.959296 -3.981317 -4.003337 -4.025359 -4.047379 -4.0694 -4.091421 -4.113442 -4.135463 -4.157485 -4.179505 -4.201526 -4.223547 -4.245568 -4.267589 -4.28961 -4.311631 
-3.232603 -3.254624 -3.276645 -3.298666 -3.320687 -3.342708 -3.364729 -3.38675 -3.408771 -3.430792 -3.452813 -3.474834 -3.496855 -3.518876 -3.540897 -3.562918 -3.584939 -3.60696 -3.628981 -3.651002 -3.673023 -3.695044 -3.717065 -3.739086 -3.761107 -3.783128 -3.805149 -3.82717 -3.849191 -3.871212 -3.893233 -3.915253 -3.937274 -3.959296 -3.981317 -4.003337 -4.025359 -4.047379 -4.0694 -4.091421 -4.113442 -4.135463 -4.157485 -4.179505 -4.201526 -4.223547 -4.245568 -4.267589 -4.28961 -4.311631 
-3.232603 -3.254624 -3.276645 -3.298666 -3.320687 -3.342708 -3.364729 -3.38675 -3.408771 -3.430792 -3.452813 -3.474834 -3.496855 -3.518876 -3.540897 -3.562918 -3.584939 -3.60696 -3.628981 -3.651002 -3.673023 -3.695044 -3.717065 -3.739086 -3.761107 -3.783128 -3.805149 -3.82717 -3.849191 -3.871212 -3.893233 -3.915253 -3.937274 -3.959296 -3.981317 -4.003337 -4.025359 -4.047379 -4.0694 -4.091421 -4.113442 -4.135463 -4.157485 -4.179505 -4.201526 -4.223547 -4.245568 -4.267589 -4.28961 -4.311631 
-3.232603 -3.254624 -3.276645 -3.298666 -3.320687 -3.342708 -3.364729 -3.38675 -3.408771 -3.430792 -3.452813 -3.474834 -3.496855 -3.518876 -3.540897 -3.562918 -3.584939 -3.60696 -3.628981 -3.651002 -3.673023 -3.695044 -3.717065 -3.739086 -3.761107 -3.783128 -3.805149 -3.82717 -3.849191 -3.871212 -3.893233 -3.915253 -3.937274 -3.959296 -3.981317 -4.003337 -4.025359 -4.047379 -4.0694 -4.091421 -4.113442 -4.135463 -4.157485 -4.179505 -4.201526 -4.223547 -4.245568 -4.267589 -4.28961 -4.311631 
-3.232603 -3.254624 -3.276645 -3.298666 -3.320687 -3.342708 -3.364729 -3.38675 -3.408771 -3.430792 -3.452813 -3.474834 -3.496855 -3.518876 -3.540897 -3.562918 -3.584939 -3.60696 -3.628981 -3.651002 -3.673023 -3.695044 -3.717065 -3.739086 -3.761107 -3.783128 -3.805149 -3.82717 -3.849191 -3.871212 -3.893233 -3.915253 -3.937274 -3.959296 -3.981317 -4.003337 -4.025359 -4.047379 -4.0694 -4.091421 -4.113442 -4.135463 -4.157485 -4.179505 -4.201526 -4.223547 -4.245568 -4.267589 -4.28961 -4.311631 
-3.232603 -3.254624 -3.276645 -3.298666 -3.320687 -3.342708 -3.364729 -3.38675 -3.408771 -3.430792 -3.452813 -3.474834 -3.496855 -3.518876 -3.540897 -3.562918 -3.584939 -3.60696 -3.628981 -3.651002 -3.673023 -3.695044 -3.717065 -3.739086 -3.761107 -3.783128 -3.805149 -3.82717 -3.849191 -3.871212 -3.893233 -3.915253 -3.937274 -3.959296 -3.981317 -4.003337 -4.025359 -4.047379 -4.0694 -4.091421 -4.113442 -4.135463 -4.157485 -4.179505 -4.201526 -4.223547 -4.245568 -4.267589 -4.28961 -4.311631 
-3.232603 -3.254624 -3.276645 -3.298666 -3.320687 -3.342708 -3.364729 -3.38675 -3.408771 -3.430792 -3.452813 -3.474834 -3.496855 -3.518876 -3.540897 -3.562918 -3.584939 -3.60696 -3.628981 -3.651002 -3.673023 -3.695044 -3.717065 -3.739086 -3.761107 -3.783128 -3.805149 -3.82717 -3.849191 -3.871212 -3.893233 -3.915253 -3.937274 -3.959296 -3.981317 -4.003337 -4.025359 -4.047379 -4.0694 -4.091421 -4.113442 -4.135463 -4.157485 -4.179505 -4.201526 -4.223547 -4.245568 -4.267589 -4.28961 -4.311631 
-3.232603 -3.254624 -3.276645 -3.298666 -3.320687 -3.342708 -3.364729 -3.38675 -3.408771 -3.430792 -3.452813 -3.474834 -3.496855 -3.518876 -3.540897 -3.562918 -3.584939 -3.60696 -3.628981 -3.651002 -3.673023 -3.695044 -3.717065 -3.739086 -3.761107 -3.783128 -3.805149 -3.82717 -3.849191 -3.871212 -3.893233 -3.915253 -3.937274 -3.959296 -3.981317 -4.003337 -4.025359 -4.047379 -4.0694 -4.091421 -4.113442 -4.135463 -4.157485 -4.179505 -4.201526 -4.223547 -4.245568 -4.267589 -4.28961 -4.311631 
-3.232603 -3.254624 -3.276645 -3.298666 -3.320687 -3.342708 -3.364729 -3.38675 -3.408771 -3.430792 -3.452813 -3.474834 -3.496855 -3.518876 -3.540897 -3.562918 -3.584939 -3.60696 -3.628981 -3.651002 -3.673023 -3.695044 -3.717065 -3.739086 -3.761107 -3.783128 -3.805149 -3.82717 -3.849191 -3.871212 -3.893233 -3.915253 -3.937274 -3.959296 -3.981317 -4.003337 -4.025359 -4.047379 -4.0694 -4.091421 -4.113442 -4.135463 -4.157485 -4.179505 -4.201526 -4.223547 -4.245568 -4.267589 -4.28961 -4.311631 
-3.232603 -3.254624 -3.276645 -3.298666 -3.320687 -3.342708 -3.364729 -3.38675 -3.408771 -3.430792 -3.452813 -3.474834 -3.496855 -3.518876 -3.540897 -3.562918 -3.584939 -3.60696 -3.628981 -3.651002 -3.673023 -3.695044 -3.717065 -3.739086 -3.761107 -3.783128 -3.805149 -3.82717 -3.849191 -3.871212 -3.893233 -3.915253 -3.937274 -3.959296 -3.981317 -4.003337 -4.025359 -4.047379 -4.0694 -4.091421 -4.113442 -4.135463 -4.157485 -4.179505 -4.201526 -4.223547 -4.245568 -4.267589 -4.28961 -4.311631 
-3.232603 -3.254624 -3.276645 -3.298666 -3.320687 -3.342708 -3.364729 -3.38675 -3.408771 -3.430792 -3.452813 -3.474834 -3.496855 -3.518876 -3.540897 -3.562918 -3.584939 -3.60696 -3.628981 -3.651002 -3.673023 -3.695044 -3.717065 -3.739086 -3.761107 -3.783128 -3.805149 -3.82717 -3.849191 -3.871212 -3.893233 -3.915253 -3.937274 -3.959296 -3.981317 -4.003337 -4.025359 -4.047379 -4.0694 -4.091421 -4.113442 -4.135463 -4.157485 -4.179505 -4.201526 -4.223547 -4.245568 -4.267589 -4.28961 -4.311631 
-3.232603 -3.254624 -3.276645 -3.298666 -3.320687 -3.342708 -3.364729 -3.38675 -3.408771 -3.430792 -3.452813 -3.474834 -3.496855 -3.518876 -3.540897 -3.562918 -3.584939 -3.60696 -3.628981 -3.651002 -3.673023 -3.695044 -3.717065 -3.739086 -3.761107 -3.783128 -3.805149 -3.82717 -3.849191 -3.871212 -3.893233 -3.915253 -3.937274 -3.959296 -3.981317 -4.003337 -4.025359 -4.047379 -4.0694 -4.091421 -4.113442 -4.135463 -4.157485 -4.179505 -4.201526 -4.223547 -4.245568 -4.267589 -4.28961 -4.311631 
-3.232603 -3.254624 -3.276645 -3.298666 -3.320687 -3.342708 -3.364729 -3.38675 -3.408771 -3.430792 -3.452813 -3.474834 -3.496855 -3.518876 -3.540897 -3.562918 -3.584939 -3.60696 -3.628981 -3.651002 -3.673023 -3.695044 -3.717065 -3.739086 -3.761107 -3.783128 -3.805149 -3.82717 -3.849191 -3.871212 -3.893233 -3.915253 -3.937274 -3.959296 -3.981317 -4.003337 -4.025359 -4.047379 -4.0694 -4.091421 -4.113442 -4.135463 -4.157485 -4.179505 -4.201526 -4.223547 -4.245568 -4.267589 -4.28961 -4.311631 
-3.232603 -3.254624 -3.276645 -3.298666 -3.320687 -3.342708 -3.364729 -3.38675 -3.408771 -3.430792 -3.452813 -3.474834 -3.496855 -3.518876 -3.540897 -3.562918 -3.584939 -3.60696 -3.628981 -3.651002 -3.673023 -3.695044 -3.717065 -3.739086 -3.761107 -3.783128 -3.805149 -3.82717 -3.849191 -3.871212 -3.893233 -3.915253 -3.937274 -3.959296 -3.981317 -4.003337 -4.025359 -4.047379 -4.0694 -4.091421 -4.113442 -4.135463 -4.157485 -4.179505 -4.201526 -4.223547 -4.245568 -4.267589 -4.28961 -4.311631 
-3.232603 -3.254624 -3.276645 -3.298666 -3.320687 -3.342708 -3.364729 -3.38675 -3.408771 -3.430792 -3.452813 -3.474834 -3.496855 -3.518876 -3.540897 -3.562918 -3.584939 -3.60696 -3.628981 -3.651002 -3.673023 -3.695044 -3.717065 -3.739086 -3.761107 -3.783128 -3.805149 -3.82717 -3.849191 -3.871212 -3.893233 -3.915253 -3.937274 -3.959296 -3.981317 -4.003337 -4.025359 -4.047379 -4.0694 -4.091421 -4.113442 -4.135463 -4.157485 -4.179505 -4.201526 -4.223547 -4.245568 -4.267589 -4.28961 -4.311631 
-3.232603 -3.254624 -3.276645 -3.298666 -3.320687 -3.342708 -3.364729 -3.38675 -3.408771 -3.430792 -3.452813 -3.474834 -3.496855 -3.518876 -3.540897 -3.562918 -3.584939 -3.60696 -3.628981 -3.651002 -3.673023 -3.695044 -3.717065 -3.739086 -3.761107 -3.783128 -3.805149 -3.82717 -3.849191 -3.871212 -3.893233 -3.915253 -3.937274 -3.959296 -3.981317 -4.003337 -4.025359 -4.047379 -4.0694 -4.091421 -4.113442 -4.135463 -4.157485 -4.179505 -4.201526 -4.223547 -4.245568 -4.267589 -4.28961 -4.311631 
-3.232603 -3.254624 -3.276645 -3.298666 -3.320687 -3.342708 -3.364729 -3.38675 -3.408771 -3.430792 -3.452813 -3.474834 -3.496855 -3.518876 -3.540897 -3.562918 -3.584939 -3.60696 -3.628981 -3.651002 -3.673023 -3.695044 -3.717065 -3.739086 -3.761107 -3.783128 -3.805149 -3.82717 -3.849191 -3.871212 -3.893233 -3.915253 -3.937274 -3.959296 -3.981317 -4.003337 -4.025359 -4.047379 -4.0694 -4.091421 -4.113442 -4.135463 -4.157485 -4.179505 -4.201526 -4.223547 -4.245568 -4.267589 -4.28961 -4.311631 
-3.232603 -3.254624 -3.276645 -3.298666 -3.320687 -3.342708 -3.364729 -3.38675 -3.408771 -3.430792 -3.452813 -3.474834 -3.496855 -3.518876 -3.540897 -3.562918 -3.584939 -3.60696 -3.628981 -3.651002 -3.673023 -3.695044 -3.717065 -3.739086 -3.761107 -3.783128 -3.805149 -3.82717 -3.849191 -3.871212 -3.893233 -3.915253 -3.937274 -3.959296 -3.981317 -4.003337 -4.025359 -4.047379 -4.0694 -4.091421 -4.113442 -4.135463 -4.157485 -4.179505 -4.201526 -4.223547 -4.245568 -4.267589 -4.28961 -4.311631 
-3.232603 -3.254624 -3.276645 -3.298666 -3.320687 -3.342708 -3.364729 -3.38675 -3.408771 -3.430792 -3.452813 -3.474834 -3.496855 -3.518876 -3.540897 -3.562918 -3.584939 -3.60696 -3.628981 -3.651002 -3.673023 -3.695044 -3.717065 -3.739086 -3.761107 -3.783128 -3.805149 -3.82717 -3.849191 -3.871212 -3.893233 -3.915253 -3.937274 -3.959296 -3.981317 -4.003337 -4.025359 -4.047379 -4.0694 -4.091421 -4.113442 -4.135463 -4.157485 -4.179505 -4.201526 -4.223547 -4.245568 -4.267589 -4.28961 -4.311631 
-3.232603 -3.254624 -3.276645 -3.298666 -3.320687 -3.342708 -3.364729 -3.38675 -3.408771 -3.430792 -3.452813 -3.474834 -3.496855 -3.518876 -3.540897 -3.562918 -3.584939 -3.60696 -3.628981 -3.651002 -3.673023 -3.695044 -3.717065 -3.739086 -3.761107 -3.783128 -3.805149 -3.82717 -3.849191 -3.871212 -3.893233 -3.915253 -3.937274 -3.959296 -3.981317 -4.003337 -4.025359 -4.047379 -4.0694 -4.091421 -4.113442 -4.135463 -4.157485 -4.179505 -4.201526 -4.223547 -4.245568 -4.267589 -4.28961 -4.311631 
-3.232603 -3.254624 -3.276645 -3.298666 -3.320687 -3.342708 -3.364729 -3.38675 -3.408771 -3.430792 -3.452813 -3.474834 -3.496855 -3.518876 -3.540897 -3.562918 -3.584939 -3.60696 -3.628981 -3.651002 -3.673023 -3.695044 -3.717065 -3.739086 -3.761107 -3.783128 -3.805149 -3.82717 -3.849191 -3.871212 -3.893233 -3.915253 -3.937274 -3.959296 -3.981317 -4.003337 -4.025359 -4.047379 -4.0694 -4.091421 -4.113442 -4.135463 -4.157485 -4.179505 -4.201526 -4.223547 -4.245568 -4.267589 -4.28961 -4.311631 
-3.232603 -3.254624 -3.276645 -3.298666 -3.320687 -3.342708 -3.364729 -3.38675 -3.408771 -3.430792 -3.452813 -3.474834 -3.496855 -3.518876 -3.540897 -3.562918 -3.584939 -3.60696 -3.628981 -3.651002 -3.673023 -3.695044 -3.717065 -3.739086 -3.761107 -3.783128 -3.805149 -3.82717 -3.849191 -3.871212 -3.893233 -3.915253 -3.937274 -3.959296 -3.981317 -4.003337 -4.025359 -4.047379 -4.0694 -4.091421 -4.113442 -4.135463 -4.157485 -4.179505 -4.201526 -4.223547 -4.245568 -4.267589 -4.28961 -4.311631 
-3.232603 -3.254624 -3.276645 -3.298666 -3.320687 -3.342708 -3.364729 -3.38675 -3.408771 -3.430792 -3.452813 -3.474834 -3.496855 -3.518876 -3.540897 -3.562918 -3.584939 -3.60696 -3.628981 -3.651002 -3.673023 -3.695044 -3.717065 -3.739086 -3.761107 -3.783128 -3.805149 -3.82717 -3.849191 -3.871212 -3.893233 -3.915253 -3.937274 -3.959296 -3.981317 -4.003337 -4.025359 -4.047379 -4.0694 -4.091421 -4.113442 -4.135463 -4.157485 -4.179505 -4.201526 -4.223547 -4.245568 -4.267589 -4.28961 -4.311631 
-3.232603 -3.254624 -3.276645 -3.298666 -3.320687 -3.342708 -3.364729 -3.38675 -3.408771 -3.430792 -3.452813 -3.474834 -3.496855 -3.518876 -3.540897 -3.562918 -3.584939 -3.60696 -3.628981 -3.651002 -3.673023 -3.695044 -3.717065 -3.739086 -3.761107 -3.783128 -3.805149 -3.82717 -3.849191 -3.871212 -3.893233 -3.915253 -3.937274 -3.959296 -3.981317 -4.003337 -4.025359 -4.047379 -4.0694 -4.091421 -4.113442 -4.135463 -4.157485 -4.179505 -4.201526 -4.223547 -4.245568 -4.267589 -4.28961 -4.311631 
-3.232603 -3.254624 -3.276645 -3.298666 -3.320687 -3.342708 -3.364729 -3.38675 -3.408771 -3.430792 -3.452813 -3.474834 -3.496855 -3.518876 -3.540897 -3.562918 -3.584939 -3.60696 -3.628981 -3.651002 -3.673023 -3.695044 -3.717065 -3.739086 -3.761107 -3.783128 -3.805149 -3.82717 -3.849191 -3.871212 -3.893233 -3.915253 -3.937274 -3.959296 -3.981317 -4.003337 -4.025359 -4.047379 -4.0694 -4.091421 -4.113442 -4.135463 -4.157485 -4.179505 -4.201526 -4.223547 -4.245568 -4.267589 -4.28961 -4.311631 
-3.232603 -3.254624 -3.276645 -3.298666 -3.320687 -3.342708 -3.364729 -3.38675 -3.408771 -3.430792 -3.452813 -3.474834 -3.496855 -3.518876 -3.540897 -3.562918 -3.584939 -3.60696 -3.628981 -3.651002 -3.673023 -3.695044 -3.717065 -3.739086 -3.761107 -3.783128 -3.805149 -3.82717 -3.849191 -3.871212 -3.893233 -3.915253 -3.937274 -3.959296 -3.981317 -4.003337 -4.025359 -4.047379 -4.0694 -4.091421 -4.113442 -4.135463 -4.157485 -4.179505 -4.201526 -4.223547 -4.245568 -4.267589 -4.28961 -4.311631 
-3.232603 -3.254624 -3.276645 -3.298666 -3.320687 -3.342708 -3.364729 -3.38675 -3.408771 -3.430792 -3.452813 -3.474834 -3.496855 -3.518876 -3.540897 -3.562918 -3.584939 -3.60696 -3.628981 -3.651002 -3.673023 -3.695044 -3.717065 -3.739086 -3.761107 -3.783128 -3.805149 -3.82717 -3.849191 -3.871212 -3.893233 -3.915253 -3.937274 -3.959296 -3.981317 -4.003337 -4.025359 -4.047379 -4.0694 -4.091421 -4.113442 -4.135463 -4.157485 -4.179505 -4.201526 -4.223547 -4.245568 -4.267589 -4.28961 -4.311631 
-3.232603 -3.254624 -3.276645 -3.298666 -3.320687 -3.342708 -3.364729 -3.38675 -3.408771 -3.430792 -3.452813 -3.474834 -3.496855 -3.518876 -3.540897 -3.562918 -3.584939 -3.60696 -3.628981 -3.651002 -3.673023 -3.695044 -3.717065 -3.739086 -3.761107 -3.783128 -3.805149 -3.82717 -3.849191 -3.871212 -3.893233 -3.915253 -3.937274 -3.959296 -3.981317 -4.003337 -4.025359 -4.047379 -4.0694 -4.091421 -4.113442 -4.135463 -4.157485 -4.179505 -4.201526 -4.223547 -4.245568 -4.267589 -4.28961 -4.311631 
-3.232603 -3.254624 -3.276645 -3.298666 -3.320687 -3.342708 -3.364729 -3.38675 -3.408771 -3.430792 -3.452813 -3.474834 -3.496855 -3.518876 -3.540897 -3.562918 -3.584939 -3.60696 -3.628981 -3.651002 -3.673023 -3.695044 -3.717065 -3.739086 -3.761107 -3.783128 -3.805149 -3.82717 -3.849191 -3.871212 -3.893233 -3.915253 -3.937274 -3.959296 -3.981317 -4.003337 -4.025359 -4.047379 -4.0694 -4.091421 -4.113442 -4.135463 -4.157485 -4.179505 -4.201526 -4.223547 -4.245568 -4.267589 -4.28961 -4.311631 
-3.232603 -3.254624 -3.276645 -3.298666 -3.320687 -3.342708 -3.364729 -3.38675 -3.408771 -3.430792 -3.452813 -3.474834 -3.496855 -3.518876 -3.540897 -3.562918 -3.584939 -3.60696 -3.628981 -3.651002 -3.673023 -3.695044 -3.717065 -3.739086 -3.761107 -3.783128 -3.805149 -3.82717 -3.849191 -3.871212 -3.893233 -3.915253 -3.937274 -3.959296 -3.981317 -4.003337 -4.025359 -4.047379 -4.0694 -4.091421 -4.113442 -4.135463 -4.157485 -4.179505 -4.201526 -4.223547 -4.245568 -4.267589 -4.28961 -4.311631 
-3.232603 -3.254624 -3.276645 -3.298666 -3.320687 -3.342708 -3.364729 -3.38675 -3.408771 -3.430792 -3.452813 -3.474834 -3.496855 -3.518876 -3.540897 -3.562918 -3.584939 -3.60696 -3.628981 -3.651002 -3.673023 -3.695044 -3.717065 -3.739086 -3.761107 -3.783128 -3.805149 -3.82717 -3.849191 -3.871212 -3.893233 -3.915253 -3.937274 -3.959296 -3.981317 -4.003337 -4.025359 -4.047379 -4.0694 -4.091421 -4.113442 -4.135463 -4.157485 -4.179505 -4.201526 -4.223547 -4.245568 -4.267589 -4.28961 -4.311631 
-3.232603 -3.254624 -3.276645 -3.298666 -3.320687 -3.342708 -3.364729 -3.38675 -3.408771 -3.430792 -3.452813 -3.474834 -3.496855 -3.518876 -3.540897 -3.562918 -3.584939 -3.60696 -3.628981 -3.651002 -3.673023 -3.695044 -3.717065 -3.739086 -3.761107 -3.783128 -3.805149 -3.82717 -3.849191 -3.871212 -3.893233 -3.915253 -3.937274 -3.959296 -3.981317 -4.003337 -4.025359 -4.047379 -4.0694 -4.091421 -4.113442 -4.135463 -4.157485 -4.179505 -4.201526 -4.223547 -4.245568 -4.267589 -4.28961 -4.311631 
-3.232603 -3.254624 -3.276645 -3.298666 -3.320687 -3.342708 -3.364729 -3.38675 -3.408771 -3.430792 -3.452813 -3.474834 -3.496855 -3.518876 -3.540897 -3.562918 -3.584939 -3.60696 -3.628981 -3.651002 -3.673023 -3.695044 -3.717065 -3.739086 -3.761107 -3.783128 -3.805149 -3.82717 -3.849191 -3.871212 -3.893233 -3.915253 -3.937274 -3.959296 -3.981317 -4.003337 -4.025359 -4.047379 -4.0694 -4.091421 -4.113442 -4.135463 -4.157485 -4.179505 -4.201526 -4.223547 -4.245568 -4.267589 -4.28961 -4.311631 
-3.232603 -3.254624 -3.276645 -3.298666 -3.320687 -3.342708 -3.364729 -3.38675 -3.408771 -3.430792 -3.452813 -3.474834 -3.496855 -3.518876 -3.540897 -3.562918 -3.584939 -3.60696 -3.628981 -3.651002 -3.673023 -3.695044 -3.717065 -3.739086 -3.761107 -3.783128 -3.805149 -3.82717 -3.849191 -3.871212 -3.893233 -3.915253 -3.937274 -3.959296 -3.981317 -4.003337 -4.025359 -4.047379 -4.0694 -4.091421 -4.113442 -4.135463 -4.157485 -4.179505 -4.201526 -4.223547 -4.245568 -4.267589 -4.28961 -4.311631 
-3.232603 -3.254624 -3.276645 -3.298666 -3.320687 -3.342708 -3.364729 -3.38675 -3.408771 -3.430792 -3.452813 -3.474834 -3.496855 -3.518876 -3.540897 -3.562918 -3.584939 -3.60696 -3.628981 -3.651002 -3.673023 -3.695044 -3.717065 -3.739086 -3.761107 -3.783128 -3.805149 -3.82717 -3.849191 -3.871212 -3.893233 -3.915253 -3.937274 -3.959296 -3.981317 -4.003337 -4.025359 -4.047379 -4.0694 -4.091421 -4.113442 -4.135463 -4.157485 -4.179505 -4.201526 -4.223547 -4.245568 -4.267589 -4.28961 -4.311631 
-3.232603 -3.254624 -3.276645 -3.298666 -3.320687 -3.342708 -3.364729 -3.38675 -3.408771 -3.430792 -3.452813 -3.474834 -3.496855 -3.518876 -3.540897 -3.562918 -3.584939 -3.60696 -3.628981 -3.651002 -3.673023 -3.695044 -3.717065 -3.739086 -3.761107 -3.783128 -3.805149 -3.82717 -3.849191 -3.871212 -3.893233 -3.915253 -3.937274 -3.959296 -3.981317 -4.003337 -4.025359 -4.047379 -4.0694 -4.091421 -4.113442 -4.135463 -4.157485 -4.179505 -4.201526 -4.223547 -4.245568 -4.267589 -4.28961 -4.311631 
-3.232603 -3.254624 -3.276645 -3.298666 -3.320687 -3.342708 -3.364729 -3.38675 -3.408771 -3.430792 -3.452813 -3.474834 -3.496855 -3.518876 -3.540897 -3.562918 -3.584939 -3.60696 -3.628981 -3.651002 -3.673023 -3.695044 -3.717065 -3.739086 -3.761107 -3.783128 -3.805149 -3.82717 -3.849191 -3.871212 -3.893233 -3.915253 -3.937274 -3.959296 -3.981317 -4.003337 -4.025359 -4.047379 -4.0694 -4.091421 -4.113442 -4.135463 -4.157485 -4.179505 -4.201526 -4.223547 -4.245568 -4.267589 -4.28961 -4.311631 
-3.232603 -3.254624 -3.276645 -3.298666 -3.320687 -3.342708 -3.364729 -3.38675 -3.408771 -3.430792 -3.452813 -3.474834 -3.496855 -3.518876 -3.540897 -3.562918 -3.584939 -3.60696 -3.628981 -3.651002 -3.673023 -3.695044 -3.717065 -3.739086 -3.761107 -3.783128 -3.805149 -3.82717 -3.849191 -3.871212 -3.893233 -3.915253 -3.937274 -3.959296 -3.981317 -4.003337 -4.025359 -4.047379 -4.0694 -4.091421 -4.113442 -4.135463 -4.157485 -4.179505 -4.201526 -4.223547 -4.245568 -4.267589 -4.28961 -4.311631 
-3.232603 -3.254624 -3.276645 -3.298666 -3.320687 -3.342708 -3.364729 -3.38675 -3.408771 -3.430792 -3.452813 -3.474834 -3.496855 -3.518876 -3.540897 -3.562918 -3.584939 -3.60696 -3.628981 -3.651002 -3.673023 -3.695044 -3.717065 -3.739086 -3.761107 -3.783128 -3.805149 -3.82717 -3.849191 -3.871212 -3.893233 -3.915253 -3.937274 -3.959296 -3.981317 -4.003337 -4.025359 -4.047379 -4.0694 -4.091421 -4.113442 -4.135463 -4.157485 -4.179505 -4.201526 -4.223547 -4.245568 -4.267589 -4.28961 -4.311631 
-3.232603 -3.254624 -3.276645 -3.298666 -3.320687 -3.342708 -3.364729 -3.38675 -3.408771 -3.430792 -3.452813 -3.474834 -3.496855 -3.518876 -3.540897 -3.562918 -3.584939 -3.60696 -3.628981 -3.651002 -3.673023 -3.695044 -3.717065 -3.739086 -3.761107 -3.783128 -3.805149 -3.82717 -3.849191 -3.871212 -3.893233 -3.915253 -3.937274 -3.959296 -3.981317 -4.003337 -4.025359 -4.047379 -4.0694 -4.091421 -4.113442 -4.135463 -4.157485 -4.179505 -4.201526 -4.223547 -4.245568 -4.267589 -4.28961 -4.311631 
-3.232603 -3.254624 -3.276645 -3.298666 -3.320687 -3.342708 -3.364729 -3.38675 -3.408771 -3.430792 -3.452813 -3.474834 -3.496855 -3.518876 -3.540897 -3.562918 -3.584939 -3.60696 -3.628981 -3.651002 -3.673023 -3.695044 -3.717065 -3.739086 -3.761107 -3.783128 -3.805149 -3.82717 -3.849191 -3.871212 -3.893233 -3.915253 -3.937274 -3.959296 -3.981317 -4.003337 -4.025359 -4.047379 -4.0694 -4.091421 -4.113442 -4.135463 -4.157485 -4.179505 -4.201526 -4.223547 -4.245568 -4.267589 -4.28961 -4.311631 
-3.232603 -3.254624 -3.276645 -3.298666 -3.320687 -3.342708 -3.364729 -3.38675 -3.408771 -3.430792 -3.452813 -3.474834 -3.496855 -3.518876 -3.540897 -3.562918 -3.584939 -3.60696 -3.628981 -3.651002 -3.673023 -3.695044 -3.717065 -3.739086 -3.761107 -3.783128 -3.805149 -3.82717 -3.849191 -3.871212 -3.893233 -3.915253 -3.937274 -3.959296 -3.981317 -4.003337 -4.025359 -4.047379 -4.0694 -4.091421 -4.113442 -4.135463 -4.157485 -4.179505 -4.201526 -4.223547 -4.245568 -4.267589 -4.28961 -4.311631 
-3.232603 -3.254624 -3.276645 -3.298666 -3.320687 -3.342708 -3.364729 -3.38675 -3.408771 -3.430792 -3.452813 -3.474834 -3.496855 -3.518876 -3.540897 -3.562918 -3.584939 -3.60696 -3.628981 -3.651002 -3.673023 -3.695044 -3.717065 -3.739086 -3.761107 -3.783128 -3.805149 -3.82717 -3.849191 -3.871212 -3.893233 -3.915253 -3.937274 -3.959296 -3.981317 -4.003337 -4.025359 -4.047379 -4.0694 -4.091421 -4.113442 -4.135463 -4.157485 -4.179505 -4.201526 -4.223547 -4.245568 -4.267589 -4.28961 -4.311631 
-3.232603 -3.254624 -3.276645 -3.298666 -3.320687 -3.342708 -3.364729 -3.38675 -3.408771 -3.430792 -3.452813 -3.474834 -3.496855 -3.518876 -3.540897 -3.562918 -3.584939 -3.60696 -3.628981 -3.651002 -3.673023 -3.695044 -3.717065 -3.739086 -3.761107 -3.783128 -3.805149 -3.82717 -3.849191 -3.871212 -3.893233 -3.915253 -3.937274 -3.959296 -3.981317 -4.003337 -4.025359 -4.047379 -4.0694 -4.091421 -4.113442 -4.135463 -4.157485 -4.179505 -4.201526 -4.223547 -4.245568 -4.267589 -4.28961 -4.311631 
-3.232603 -3.254624 -3.276645 -3.298666 -3.320687 -3.342708 -3.364729 -3.38675 -3.408771 -3.430792 -3.452813 -3.474834 -3.496855 -3.518876 -3.540897 -3.562918 -3.584939 -3.60696 -3.628981 -3.651002 -3.673023 -3.695044 -3.717065 -3.739086 -3.761107 -3.783128 -3.805149 -3.82717 -3.849191 -3.871212 -3.893233 -3.915253 -3.937274 -3.959296 -3.981317 -4.003337 -4.025359 -4.047379 -4.0694 -4.091421 -4.113442 -4.135463 -4.157485 -4.179505 -4.201526 -4.223547 -4.245568 -4.267589 -4.28961 -4.311631 
-3.232603 -3.254624 -3.276645 -3.298666 -3.320687 -3.342708 -3.364729 -3.38675 -3.408771 -3.430792 -3.452813 -3.474834 -3.496855 -3.518876 -3.540897 -3.562918 -3.584939 -3.60696 -3.628981 -3.651002 -3.673023 -3.695044 -3.717065 -3.739086 -3.761107 -3.783128 -3.805149 -3.82717 -3.849191 -3.871212 -3.893233 -3.915253 -3.937274 -3.959296 -3.981317 -4.003337 -4.025359 -4.047379 -4.0694 -4.091421 -4.113442 -4.135463 -4.157485 -4.179505 -4.201526 -4.223547 -4.245568 -4.267589 -4.28961 -4.311631 
-3.232603 -3.254624 -3.276645 -3.298666 -3.320687 -3.342708 -3.364729 -3.38675 -3.408771 -3.430792 -3.452813 -3.474834 -3.496855 -3.518876 -3.540897 -3.562918 -3.584939 -3.60696 -3.628981 -3.651002 -3.673023 -3.695044 -3.717065 -3.739086 -3.761107 -3.783128 -3.805149 -3.82717 -3.849191 -3.871212 -3.893233 -3.915253 -3.937274 -3.959296 -3.981317 -4.003337 -4.025359 -4.047379 -4.0694 -4.091421 -4.113442 -4.135463 -4.157485 -4.179505 -4.201526 -4.223547 -4.245568 -4.267589 -4.28961 -4.311631 
