-2.59, -3.02, -3.47, -3.92, -4.36, -4.78, -5.19, -5.56, -5.90, -6.21, -6.47, -6.69, -6.86, -6.99, -7.09, -7.16, -7.20, -7.20, -7.16, -7.08, -6.98, -6.86, -6.74, -6.62, -6.51, -6.42, -6.36, -6.33, -6.33, -6.37, -6.43, -6.52, -6.63, -6.74, -6.87, -6.98, -7.09, -7.19, -7.27, -7.35, -7.43, -7.52, -7.60, -7.69, -7.77, -7.84, -7.90, -7.95, -7.97, -7.97, -7.96, -7.92, -7.86, -7.79, -7.71, -7.62, -7.54, -7.46, -7.39, -7.35, -7.32, -7.32, -7.35, -7.39, -7.44, -7.49, -7.51, -7.51, -7.48, -7.41, -7.32, -7.20, -7.05, -6.90, -6.73, -6.56, -6.40, -6.25, -6.12, -6.00, -5.91, -5.85, -5.81, -5.80, -5.81, -5.85, -5.90, -5.97, -6.05, -6.16, -6.27, -6.40, -6.52, -6.64, -6.74, -6.84, -6.93, -7.01, -7.09, -7.17
-2.60, -3.03, -3.47, -3.92, -4.35, -4.77, -5.17, -5.54, -5.88, -6.18, -6.44, -6.65, -6.82, -6.95, -7.05, -7.11, -7.15, -7.14, -7.10, -7.02, -6.92, -6.79, -6.67, -6.54, -6.43, -6.33, -6.26, -6.23, -6.22, -6.25, -6.30, -6.38, -6.48, -6.59, -6.70, -6.81, -6.91, -7.00, -7.07, -7.14, -7.21, -7.29, -7.36, -7.44, -7.52, -7.58, -7.64, -7.68, -7.70, -7.70, -7.67, -7.63, -7.57, -7.50, -7.42, -7.33, -7.24, -7.16, -7.09, -7.04, -7.02, -7.02, -7.04, -7.08, -7.13, -7.17, -7.20, -7.19, -7.16, -7.10, -7.00, -6.89, -6.75, -6.59, -6.43, -6.27, -6.12, -5.97, -5.85, -5.74, -5.66, -5.60, -5.57, -5.56, -5.57, -5.60, -5.66, -5.73, -5.81, -5.91, -6.03, -6.15, -6.27, -6.39, -6.49, -6.59, -6.68, -6.76, -6.84, -6.92
-2.61, -3.03, -3.47, -3.90, -4.33, -4.74, -5.14, -5.50, -5.84, -6.13, -6.39, -6.60, -6.77, -6.89, -6.99, -7.05, -7.08, -7.08, -7.03, -6.95, -6.84, -6.72, -6.59, -6.46, -6.34, -6.24, -6.17, -6.12, -6.11, -6.13, -6.18, -6.25, -6.34, -6.44, -6.54, -6.64, -6.73, -6.80, -6.87, -6.93, -6.99, -7.06, -7.13, -7.20, -7.27, -7.33, -7.38, -7.41, -7.43, -7.42, -7.40, -7.36, -7.30, -7.22, -7.14, -7.05, -6.96, -6.88, -6.82, -6.77, -6.74, -6.74, -6.76, -6.80, -6.84, -6.88, -6.90, -6.90, -6.86, -6.80, -6.71, -6.59, -6.46, -6.31, -6.15, -5.99, -5.84, -5.70, -5.58, -5.48, -5.40, -5.34, -5.31, -5.31, -5.32, -5.36, -5.41, -5.48, -5.56, -5.66, -5.78, -5.90, -6.02, -6.13, -6.24, -6.33, -6.42, -6.50, -6.57, -6.66
-2.61, -3.02, -3.45, -3.87, -4.29, -4.70, -5.09, -5.45, -5.78, -6.07, -6.32, -6.53, -6.70, -6.82, -6.92, -6.98, -7.01, -7.00, -6.96, -6.88, -6.77, -6.64, -6.51, -6.38, -6.25, -6.15, -6.08, -6.03, -6.01, -6.02, -6.06, -6.13, -6.21, -6.30, -6.39, -6.48, -6.56, -6.62, -6.68, -6.73, -6.78, -6.84, -6.90, -6.96, -7.03, -7.08, -7.13, -7.16, -7.17, -7.17, -7.14, -7.10, -7.04, -6.97, -6.89, -6.80, -6.71, -6.63, -6.56, -6.51, -6.49, -6.48, -6.50, -6.54, -6.58, -6.62, -6.64, -6.63, -6.59, -6.53, -6.44, -6.32, -6.19, -6.04, -5.88, -5.73, -5.58, -5.44, -5.32, -5.22, -5.14, -5.09, -5.06, -5.05, -5.07, -5.10, -5.15, -5.22, -5.30, -5.40, -5.51, -5.63, -5.75, -5.87, -5.97, -6.06, -6.15, -6.23, -6.30, -6.38
-2.61, -3.01, -3.42, -3.84, -4.25, -4.65, -5.03, -5.38, -5.71, -5.99, -6.24, -6.45, -6.62, -6.74, -6.84, -6.90, -6.94, -6.93, -6.88, -6.80, -6.70, -6.57, -6.44, -6.30, -6.18, -6.08, -6.00, -5.95, -5.92, -5.93, -5.96, -6.01, -6.09, -6.17, -6.25, -6.33, -6.40, -6.45, -6.50, -6.54, -6.58, -6.63, -6.68, -6.74, -6.80, -6.85, -6.89, -6.91, -6.93, -6.92, -6.90, -6.86, -6.80, -6.73, -6.65, -6.57, -6.48, -6.40, -6.34, -6.29, -6.26, -6.25, -6.27, -6.31, -6.35, -6.38, -6.40, -6.39, -6.35, -6.29, -6.19, -6.07, -5.94, -5.79, -5.63, -5.47, -5.32, -5.19, -5.07, -4.96, -4.89, -4.83, -4.80, -4.79, -4.81, -4.84, -4.89, -4.96, -5.04, -5.13, -5.24, -5.36, -5.48, -5.59, -5.69, -5.78, -5.87, -5.95, -6.02, -6.10
-2.61, -3.00, -3.40, -3.80, -4.20, -4.59, -4.96, -5.31, -5.63, -5.92, -6.16, -6.37, -6.54, -6.67, -6.77, -6.83, -6.87, -6.86, -6.82, -6.74, -6.64, -6.51, -6.38, -6.25, -6.13, -6.02, -5.94, -5.88, -5.85, -5.85, -5.88, -5.92, -5.99, -6.06, -6.13, -6.19, -6.25, -6.30, -6.33, -6.36, -6.40, -6.44, -6.48, -6.53, -6.58, -6.63, -6.67, -6.69, -6.70, -6.70, -6.68, -6.64, -6.59, -6.52, -6.44, -6.36, -6.28, -6.20, -6.14, -6.09, -6.06, -6.06, -6.07, -6.10, -6.14, -6.17, -6.19, -6.18, -6.14, -6.07, -5.97, -5.85, -5.71, -5.56, -5.40, -5.24, -5.08, -4.94, -4.82, -4.71, -4.63, -4.57, -4.54, -4.53, -4.54, -4.57, -4.62, -4.68, -4.76, -4.86, -4.97, -5.08, -5.20, -5.31, -5.41, -5.50, -5.58, -5.66, -5.73, -5.81
-2.62, -2.99, -3.38, -3.77, -4.16, -4.54, -4.90, -5.24, -5.56, -5.84, -6.09, -6.30, -6.47, -6.60, -6.70, -6.78, -6.81, -6.81, -6.77, -6.70, -6.60, -6.48, -6.35, -6.22, -6.10, -5.99, -5.91, -5.85, -5.81, -5.80, -5.82, -5.86, -5.91, -5.97, -6.03, -6.09, -6.13, -6.17, -6.19, -6.21, -6.24, -6.27, -6.30, -6.35, -6.39, -6.43, -6.47, -6.49, -6.50, -6.50, -6.48, -6.45, -6.40, -6.33, -6.26, -6.18, -6.10, -6.03, -5.96, -5.92, -5.89, -5.88, -5.90, -5.93, -5.96, -5.99, -6.00, -5.99, -5.95, -5.87, -5.77, -5.65, -5.50, -5.34, -5.18, -5.01, -4.85, -4.71, -4.58, -4.47, -4.38, -4.32, -4.28, -4.26, -4.27, -4.30, -4.34, -4.40, -4.48, -4.57, -4.68, -4.80, -4.91, -5.02, -5.12, -5.20, -5.28, -5.36, -5.43, -5.51
-2.64, -3.00, -3.37, -3.75, -4.13, -4.49, -4.85, -5.19, -5.50, -5.79, -6.04, -6.25, -6.42, -6.56, -6.66, -6.74, -6.78, -6.79, -6.75, -6.68, -6.59, -6.47, -6.34, -6.22, -6.10, -5.99, -5.90, -5.84, -5.80, -5.79, -5.79, -5.82, -5.86, -5.91, -5.96, -6.00, -6.04, -6.06, -6.07, -6.08, -6.10, -6.12, -6.15, -6.18, -6.22, -6.26, -6.29, -6.31, -6.33, -6.32, -6.31, -6.27, -6.23, -6.17, -6.10, -6.02, -5.95, -5.88, -5.82, -5.77, -5.74, -5.73, -5.75, -5.77, -5.81, -5.83, -5.84, -5.83, -5.78, -5.70, -5.60, -5.46, -5.31, -5.15, -4.97, -4.80, -4.63, -4.48, -4.34, -4.22, -4.13, -4.06, -4.02, -3.99, -4.00, -4.02, -4.06, -4.12, -4.19, -4.28, -4.39, -4.50, -4.61, -4.72, -4.81, -4.90, -4.98, -5.05, -5.13, -5.20
-2.68, -3.03, -3.38, -3.75, -4.11, -4.47, -4.82, -5.15, -5.46, -5.75, -6.00, -6.22, -6.40, -6.54, -6.65, -6.73, -6.78, -6.79, -6.76, -6.70, -6.61, -6.50, -6.38, -6.25, -6.13, -6.02, -5.94, -5.87, -5.82, -5.80, -5.80, -5.81, -5.84, -5.88, -5.91, -5.94, -5.97, -5.98, -5.98, -5.98, -5.98, -6.00, -6.02, -6.04, -6.08, -6.11, -6.14, -6.16, -6.17, -6.17, -6.15, -6.12, -6.08, -6.02, -5.96, -5.88, -5.81, -5.74, -5.69, -5.64, -5.61, -5.60, -5.62, -5.64, -5.67, -5.69, -5.70, -5.68, -5.63, -5.55, -5.43, -5.30, -5.14, -4.96, -4.78, -4.60, -4.42, -4.26, -4.11, -3.98, -3.88, -3.80, -3.75, -3.72, -3.72, -3.73, -3.77, -3.83, -3.90, -3.99, -4.09, -4.20, -4.31, -4.41, -4.51, -4.59, -4.67, -4.74, -4.81, -4.89
-2.74, -3.07, -3.42, -3.77, -4.12, -4.47, -4.82, -5.15, -5.46, -5.74, -6.00, -6.22, -6.40, -6.55, -6.67, -6.76, -6.82, -6.83, -6.81, -6.76, -6.67, -6.57, -6.45, -6.32, -6.20, -6.10, -6.00, -5.93, -5.88, -5.84, -5.83, -5.84, -5.85, -5.87, -5.90, -5.91, -5.92, -5.92, -5.92, -5.91, -5.90, -5.90, -5.91, -5.93, -5.96, -5.98, -6.01, -6.03, -6.04, -6.04, -6.02, -5.99, -5.95, -5.90, -5.83, -5.76, -5.69, -5.63, -5.57, -5.52, -5.50, -5.49, -5.50, -5.52, -5.55, -5.57, -5.57, -5.55, -5.49, -5.40, -5.29, -5.14, -4.97, -4.79, -4.60, -4.40, -4.21, -4.04, -3.88, -3.74, -3.63, -3.54, -3.48, -3.44, -3.43, -3.44, -3.48, -3.53, -3.60, -3.68, -3.78, -3.89, -4.00, -4.10, -4.19, -4.28, -4.35, -4.42, -4.49, -4.57
-2.83, -3.14, -3.47, -3.81, -4.16, -4.50, -4.84, -5.17, -5.48, -5.77, -6.02, -6.25, -6.45, -6.60, -6.73, -6.83, -6.89, -6.91, -6.90, -6.85, -6.77, -6.67, -6.56, -6.44, -6.32, -6.20, -6.11, -6.03, -5.96, -5.92, -5.90, -5.89, -5.89, -5.90, -5.91, -5.91, -5.91, -5.90, -5.88, -5.85, -5.84, -5.83, -5.83, -5.84, -5.86, -5.88, -5.90, -5.92, -5.93, -5.92, -5.91, -5.88, -5.84, -5.78, -5.72, -5.65, -5.58, -5.52, -5.46, -5.42, -5.39, -5.38, -5.39, -5.41, -5.43, -5.45, -5.45, -5.42, -5.36, -5.27, -5.14, -4.99, -4.81, -4.62, -4.41, -4.21, -4.01, -3.82, -3.65, -3.50, -3.37, -3.27, -3.20, -3.16, -3.14, -3.15, -3.18, -3.23, -3.29, -3.37, -3.47, -3.58, -3.69, -3.78, -3.87, -3.96, -4.03, -4.10, -4.16, -4.24
-2.93, -3.23, -3.55, -3.88, -4.22, -4.56, -4.90, -5.22, -5.53, -5.82, -6.09, -6.32, -6.52, -6.69, -6.82, -6.93, -7.00, -7.03, -7.03, -6.99, -6.91, -6.82, -6.70, -6.58, -6.46, -6.35, -6.24, -6.16, -6.08, -6.03, -5.99, -5.97, -5.95, -5.95, -5.94, -5.93, -5.91, -5.89, -5.86, -5.83, -5.80, -5.78, -5.77, -5.78, -5.79, -5.80, -5.82, -5.83, -5.83, -5.82, -5.81, -5.78, -5.73, -5.68, -5.62, -5.55, -5.48, -5.41, -5.36, -5.31, -5.28, -5.27, -5.27, -5.29, -5.31, -5.33, -5.33, -5.29, -5.23, -5.13, -5.00, -4.83, -4.65, -4.44, -4.23, -4.01, -3.80, -3.60, -3.41, -3.25, -3.12, -3.01, -2.93, -2.88, -2.85, -2.85, -2.87, -2.92, -2.98, -3.06, -3.16, -3.26, -3.37, -3.46, -3.55, -3.63, -3.70, -3.77, -3.83, -3.90
-3.05, -3.34, -3.65, -3.98, -4.31, -4.65, -4.98, -5.31, -5.62, -5.92, -6.19, -6.43, -6.64, -6.82, -6.96, -7.07, -7.15, -7.19, -7.19, -7.16, -7.09, -7.00, -6.89, -6.77, -6.64, -6.52, -6.41, -6.31, -6.23, -6.16, -6.11, -6.07, -6.04, -6.02, -6.00, -5.97, -5.94, -5.90, -5.86, -5.82, -5.78, -5.75, -5.74, -5.73, -5.73, -5.74, -5.75, -5.75, -5.75, -5.74, -5.71, -5.68, -5.63, -5.58, -5.51, -5.44, -5.37, -5.31, -5.25, -5.20, -5.17, -5.15, -5.16, -5.17, -5.19, -5.20, -5.20, -5.16, -5.09, -4.99, -4.84, -4.67, -4.48, -4.26, -4.04, -3.81, -3.58, -3.37, -3.18, -3.00, -2.85, -2.74, -2.65, -2.59, -2.55, -2.55, -2.57, -2.61, -2.67, -2.75, -2.84, -2.94, -3.04, -3.14, -3.22, -3.30, -3.37, -3.43, -3.49, -3.56
-3.19, -3.48, -3.78, -4.10, -4.43, -4.76, -5.10, -5.43, -5.75, -6.05, -6.33, -6.58, -6.79, -6.98, -7.13, -7.25, -7.34, -7.39, -7.39, -7.36, -7.30, -7.21, -7.10, -6.98, -6.85, -6.72, -6.60, -6.49, -6.40, -6.31, -6.24, -6.19, -6.14, -6.10, -6.06, -6.02, -5.98, -5.93, -5.88, -5.83, -5.78, -5.74, -5.71, -5.70, -5.69, -5.69, -5.68, -5.68, -5.67, -5.65, -5.62, -5.59, -5.53, -5.47, -5.40, -5.33, -5.26, -5.19, -5.13, -5.08, -5.04, -5.02, -5.02, -5.04, -5.05, -5.06, -5.05, -5.01, -4.94, -4.83, -4.68, -4.50, -4.30, -4.07, -3.84, -3.60, -3.36, -3.14, -2.93, -2.74, -2.59, -2.46, -2.36, -2.29, -2.25, -2.24, -2.26, -2.29, -2.35, -2.42, -2.52, -2.61, -2.71, -2.80, -2.89, -2.96, -3.03, -3.09, -3.15, -3.21
-3.34, -3.62, -3.92, -4.24, -4.57, -4.90, -5.24, -5.57, -5.90, -6.21, -6.49, -6.75, -6.97, -7.17, -7.33, -7.46, -7.55, -7.61, -7.62, -7.59, -7.53, -7.44, -7.33, -7.21, -7.07, -6.94, -6.81, -6.69, -6.58, -6.48, -6.39, -6.32, -6.26, -6.20, -6.14, -6.09, -6.03, -5.97, -5.90, -5.84, -5.78, -5.73, -5.70, -5.67, -5.65, -5.64, -5.63, -5.62, -5.60, -5.57, -5.53, -5.49, -5.43, -5.36, -5.29, -5.21, -5.13, -5.05, -4.99, -4.93, -4.90, -4.88, -4.87, -4.88, -4.89, -4.90, -4.89, -4.85, -4.77, -4.65, -4.50, -4.31, -4.10, -3.87, -3.62, -3.37, -3.13, -2.89, -2.67, -2.48, -2.31, -2.18, -2.07, -1.99, -1.95, -1.93, -1.94, -1.97, -2.03, -2.10, -2.19, -2.28, -2.38, -2.47, -2.55, -2.62, -2.68, -2.74, -2.80, -2.86
-3.50, -3.78, -4.08, -4.39, -4.72, -5.06, -5.40, -5.74, -6.07, -6.39, -6.68, -6.95, -7.18, -7.38, -7.54, -7.68, -7.78, -7.85, -7.86, -7.84, -7.78, -7.69, -7.58, -7.45, -7.31, -7.16, -7.02, -6.89, -6.76, -6.65, -6.54, -6.45, -6.37, -6.30, -6.22, -6.15, -6.08, -6.01, -5.93, -5.86, -5.79, -5.73, -5.68, -5.65, -5.62, -5.60, -5.57, -5.55, -5.52, -5.48, -5.44, -5.38, -5.31, -5.24, -5.15, -5.07, -4.98, -4.90, -4.83, -4.77, -4.73, -4.70, -4.70, -4.70, -4.71, -4.72, -4.70, -4.65, -4.57, -4.45, -4.29, -4.10, -3.88, -3.64, -3.39, -3.13, -2.88, -2.63, -2.41, -2.21, -2.03, -1.89, -1.77, -1.69, -1.64, -1.62, -1.62, -1.65, -1.70, -1.77, -1.86, -1.95, -2.04, -2.13, -2.21, -2.27, -2.33, -2.39, -2.45, -2.51
-3.66, -3.93, -4.23, -4.55, -4.89, -5.23, -5.58, -5.92, -6.26, -6.58, -6.88, -7.16, -7.40, -7.60, -7.78, -7.92, -8.03, -8.10, -8.12, -8.10, -8.04, -7.95, -7.83, -7.69, -7.54, -7.39, -7.24, -7.08, -6.94, -6.81, -6.69, -6.58, -6.48, -6.39, -6.30, -6.21, -6.13, -6.04, -5.96, -5.87, -5.79, -5.72, -5.67, -5.62, -5.58, -5.55, -5.51, -5.47, -5.43, -5.38, -5.32, -5.26, -5.18, -5.09, -5.00, -4.90, -4.80, -4.72, -4.64, -4.57, -4.53, -4.50, -4.49, -4.49, -4.50, -4.50, -4.48, -4.43, -4.34, -4.22, -4.06, -3.86, -3.64, -3.39, -3.13, -2.87, -2.61, -2.36, -2.13, -1.92, -1.74, -1.59, -1.47, -1.39, -1.33, -1.30, -1.31, -1.33, -1.38, -1.44, -1.53, -1.62, -1.71, -1.79, -1.86, -1.93, -1.98, -2.04, -2.09, -2.15
-3.81, -4.09, -4.39, -4.71, -5.05, -5.40, -5.76, -6.11, -6.46, -6.79, -7.09, -7.37, -7.62, -7.83, -8.01, -8.16, -8.28, -8.35, -8.37, -8.35, -8.29, -8.20, -8.08, -7.93, -7.77, -7.61, -7.44, -7.27, -7.11, -6.96, -6.82, -6.69, -6.58, -6.47, -6.36, -6.26, -6.16, -6.07, -5.97, -5.88, -5.79, -5.71, -5.64, -5.58, -5.53, -5.48, -5.44, -5.39, -5.33, -5.27, -5.19, -5.11, -5.02, -4.92, -4.81, -4.71, -4.60, -4.50, -4.42, -4.35, -4.30, -4.26, -4.25, -4.25, -4.25, -4.25, -4.23, -4.18, -4.09, -3.96, -3.79, -3.59, -3.37, -3.12, -2.86, -2.59, -2.32, -2.07, -1.84, -1.62, -1.44, -1.29, -1.16, -1.07, -1.02, -0.99, -0.98, -1.01, -1.05, -1.11, -1.19, -1.28, -1.37, -1.45, -1.52, -1.58, -1.63, -1.68, -1.73, -1.78
-3.94, -4.23, -4.54, -4.87, -5.21, -5.57, -5.94, -6.30, -6.65, -6.99, -7.30, -7.59, -7.84, -8.06, -8.24, -8.40, -8.52, -8.59, -8.61, -8.59, -8.53, -8.44, -8.31, -8.15, -7.98, -7.80, -7.62, -7.44, -7.26, -7.09, -6.93, -6.79, -6.65, -6.53, -6.41, -6.29, -6.18, -6.07, -5.97, -5.86, -5.77, -5.68, -5.60, -5.53, -5.46, -5.40, -5.34, -5.28, -5.21, -5.13, -5.04, -4.94, -4.84, -4.72, -4.60, -4.48, -4.37, -4.26, -4.17, -4.09, -4.03, -3.99, -3.97, -3.97, -3.97, -3.97, -3.94, -3.89, -3.79, -3.66, -3.50, -3.30, -3.07, -2.82, -2.55, -2.28, -2.02, -1.77, -1.53, -1.32, -1.13, -0.97, -0.85, -0.76, -0.70, -0.67, -0.66, -0.68, -0.72, -0.78, -0.86, -0.94, -1.02, -1.10, -1.17, -1.23, -1.28, -1.32, -1.37, -1.42
-4.06, -4.35, -4.67, -5.01, -5.36, -5.73, -6.10, -6.47, -6.83, -7.18, -7.50, -7.79, -8.05, -8.27, -8.46, -8.62, -8.74, -8.81, -8.84, -8.82, -8.75, -8.65, -8.51, -8.35, -8.17, -7.97, -7.78, -7.58, -7.38, -7.20, -7.02, -6.86, -6.71, -6.56, -6.43, -6.30, -6.18, -6.06, -5.94, -5.83, -5.72, -5.62, -5.53, -5.45, -5.38, -5.30, -5.23, -5.15, -5.06, -4.97, -4.86, -4.75, -4.63, -4.50, -4.36, -4.23, -4.10, -3.98, -3.88, -3.79, -3.73, -3.69, -3.66, -3.66, -3.65, -3.65, -3.62, -3.56, -3.47, -3.34, -3.17, -2.97, -2.74, -2.49, -2.23, -1.96, -1.70, -1.44, -1.21, -1.00, -0.81, -0.66, -0.53, -0.44, -0.38, -0.35, -0.34, -0.36, -0.39, -0.45, -0.52, -0.60, -0.68, -0.75, -0.82, -0.87, -0.92, -0.96, -1.01, -1.05
-4.15, -4.45, -4.78, -5.13, -5.49, -5.87, -6.25, -6.63, -7.00, -7.35, -7.68, -7.97, -8.24, -8.46, -8.65, -8.81, -8.93, -9.01, -9.03, -9.01, -8.94, -8.83, -8.69, -8.51, -8.32, -8.11, -7.90, -7.68, -7.47, -7.27, -7.08, -6.90, -6.73, -6.57, -6.43, -6.29, -6.15, -6.02, -5.90, -5.77, -5.66, -5.55, -5.45, -5.36, -5.27, -5.18, -5.09, -5.00, -4.89, -4.78, -4.66, -4.53, -4.39, -4.24, -4.09, -3.95, -3.81, -3.68, -3.56, -3.47, -3.39, -3.35, -3.32, -3.31, -3.30, -3.29, -3.26, -3.21, -3.11, -2.98, -2.81, -2.61, -2.39, -2.14, -1.88, -1.62, -1.36, -1.11, -0.88, -0.67, -0.49, -0.33, -0.21, -0.12, -0.06, -0.02, -0.02, -0.03, -0.06, -0.12, -0.19, -0.26, -0.34, -0.41, -0.47, -0.52, -0.56, -0.60, -0.64, -0.69
-4.21, -4.52, -4.86, -5.22, -5.60, -5.98, -6.37, -6.76, -7.14, -7.50, -7.83, -8.13, -8.40, -8.62, -8.82, -8.98, -9.10, -9.18, -9.20, -9.17, -9.10, -8.98, -8.83, -8.64, -8.44, -8.22, -7.99, -7.76, -7.53, -7.31, -7.10, -6.91, -6.73, -6.55, -6.39, -6.24, -6.10, -5.96, -5.82, -5.69, -5.57, -5.45, -5.34, -5.24, -5.14, -5.04, -4.93, -4.82, -4.70, -4.57, -4.43, -4.28, -4.13, -3.96, -3.80, -3.64, -3.48, -3.34, -3.22, -3.11, -3.03, -2.98, -2.95, -2.93, -2.93, -2.91, -2.88, -2.82, -2.72, -2.59, -2.43, -2.23, -2.01, -1.77, -1.51, -1.25, -1.00, -0.76, -0.53, -0.33, -0.15, -0.01, 0.11, 0.20, 0.26, 0.30, 0.31, 0.30, 0.26, 0.21, 0.15, 0.08, 0.00, -0.06, -0.12, -0.17, -0.21, -0.24, -0.28, -0.32
-4.24, -4.57, -4.92, -5.29, -5.67, -6.07, -6.47, -6.87, -7.26, -7.62, -7.96, -8.26, -8.53, -8.76, -8.95, -9.12, -9.24, -9.31, -9.33, -9.30, -9.22, -9.10, -8.94, -8.74, -8.52, -8.29, -8.05, -7.80, -7.56, -7.33, -7.10, -6.89, -6.70, -6.51, -6.34, -6.18, -6.02, -5.87, -5.73, -5.59, -5.46, -5.33, -5.21, -5.10, -4.99, -4.87, -4.75, -4.63, -4.49, -4.34, -4.19, -4.02, -3.84, -3.66, -3.48, -3.31, -3.14, -2.99, -2.85, -2.74, -2.65, -2.59, -2.56, -2.54, -2.53, -2.51, -2.48, -2.42, -2.32, -2.19, -2.03, -1.83, -1.61, -1.38, -1.13, -0.88, -0.64, -0.40, -0.18, 0.01, 0.18, 0.32, 0.44, 0.52, 0.58, 0.62, 0.63, 0.62, 0.59, 0.54, 0.48, 0.41, 0.34, 0.28, 0.23, 0.19, 0.15, 0.12, 0.09, 0.05
-4.26, -4.59, -4.95, -5.33, -5.73, -6.14, -6.55, -6.96, -7.35, -7.72, -8.07, -8.38, -8.65, -8.88, -9.07, -9.23, -9.35, -9.43, -9.45, -9.41, -9.33, -9.19, -9.02, -8.82, -8.59, -8.34, -8.09, -7.83, -7.57, -7.32, -7.08, -6.86, -6.65, -6.45, -6.27, -6.10, -5.93, -5.78, -5.62, -5.48, -5.34, -5.20, -5.08, -4.95, -4.83, -4.70, -4.56, -4.42, -4.27, -4.11, -3.93, -3.75, -3.55, -3.36, -3.16, -2.97, -2.79, -2.62, -2.47, -2.35, -2.26, -2.19, -2.15, -2.13, -2.12, -2.10, -2.06, -2.00, -1.90, -1.78, -1.61, -1.43, -1.21, -0.98, -0.74, -0.50, -0.27, -0.04, 0.17, 0.36, 0.52, 0.66, 0.76, 0.85, 0.90, 0.94, 0.95, 0.94, 0.92, 0.87, 0.81, 0.75, 0.68, 0.63, 0.58, 0.54, 0.51, 0.48, 0.45, 0.42
-4.25, -4.60, -4.97, -5.37, -5.78, -6.20, -6.62, -7.03, -7.43, -7.81, -8.16, -8.47, -8.74, -8.97, -9.17, -9.33, -9.46, -9.53, -9.54, -9.51, -9.42, -9.28, -9.10, -8.88, -8.64, -8.38, -8.11, -7.84, -7.57, -7.31, -7.05, -6.82, -6.59, -6.39, -6.19, -6.01, -5.84, -5.67, -5.51, -5.36, -5.21, -5.07, -4.93, -4.80, -4.66, -4.52, -4.37, -4.22, -4.05, -3.87, -3.67, -3.47, -3.26, -3.05, -2.83, -2.63, -2.43, -2.25, -2.10, -1.97, -1.87, -1.79, -1.75, -1.72, -1.71, -1.69, -1.65, -1.58, -1.49, -1.36, -1.20, -1.02, -0.81, -0.59, -0.36, -0.12, 0.11, 0.32, 0.52, 0.70, 0.86, 0.99, 1.09, 1.17, 1.22, 1.26, 1.27, 1.26, 1.24, 1.20, 1.15, 1.09, 1.03, 0.97, 0.93, 0.89, 0.86, 0.84, 0.82, 0.79
-4.25, -4.61, -4.99, -5.39, -5.81, -6.24, -6.67, -7.09, -7.50, -7.88, -8.23, -8.55, -8.83, -9.06, -9.26, -9.42, -9.54, -9.62, -9.63, -9.59, -9.50, -9.35, -9.16, -8.94, -8.69, -8.42, -8.13, -7.85, -7.56, -7.29, -7.02, -6.77, -6.54, -6.32, -6.11, -5.92, -5.74, -5.57, -5.40, -5.24, -5.09, -4.94, -4.79, -4.65, -4.50, -4.35, -4.18, -4.01, -3.82, -3.62, -3.41, -3.19, -2.96, -2.73, -2.50, -2.28, -2.07, -1.88, -1.71, -1.57, -1.47, -1.39, -1.34, -1.31, -1.29, -1.27, -1.22, -1.16, -1.06, -0.94, -0.78, -0.60, -0.40, -0.19, 0.04, 0.26, 0.48, 0.69, 0.88, 1.05, 1.20, 1.32, 1.42, 1.50, 1.55, 1.58, 1.60, 1.59, 1.57, 1.54, 1.49, 1.43, 1.38, 1.33, 1.29, 1.25, 1.23, 1.21, 1.19, 1.16
-4.25, -4.61, -5.00, -5.41, -5.84, -6.28, -6.71, -7.14, -7.55, -7.94, -8.30, -8.61, -8.89, -9.13, -9.33, -9.50, -9.62, -9.69, -9.71, -9.67, -9.57, -9.42, -9.22, -8.99, -8.73, -8.45, -8.15, -7.85, -7.55, -7.26, -6.99, -6.72, -6.47, -6.24, -6.03, -5.83, -5.64, -5.46, -5.29, -5.12, -4.96, -4.81, -4.65, -4.50, -4.34, -4.17, -3.99, -3.80, -3.60, -3.38, -3.15, -2.91, -2.66, -2.41, -2.17, -1.93, -1.70, -1.50, -1.32, -1.17, -1.05, -0.97, -0.91, -0.88, -0.86, -0.83, -0.79, -0.72, -0.63, -0.50, -0.35, -0.18, 0.02, 0.22, 0.44, 0.65, 0.86, 1.06, 1.24, 1.41, 1.55, 1.67, 1.76, 1.83, 1.89, 1.92, 1.94, 1.94, 1.92, 1.89, 1.85, 1.80, 1.75, 1.70, 1.66, 1.63, 1.61, 1.59, 1.57, 1.54
-4.26, -4.63, -5.02, -5.43, -5.86, -6.30, -6.74, -7.17, -7.58, -7.98, -8.33, -8.66, -8.94, -9.18, -9.38, -9.55, -9.68, -9.76, -9.77, -9.73, -9.63, -9.48, -9.28, -9.03, -8.76, -8.47, -8.17, -7.85, -7.54, -7.24, -6.95, -6.67, -6.41, -6.17, -5.94, -5.73, -5.54, -5.35, -5.17, -5.00, -4.84, -4.67, -4.51, -4.35, -4.18, -3.99, -3.80, -3.60, -3.37, -3.14, -2.89, -2.63, -2.36, -2.09, -1.82, -1.57, -1.33, -1.11, -0.92, -0.76, -0.63, -0.54, -0.48, -0.45, -0.42, -0.39, -0.35, -0.28, -0.18, -0.06, 0.09, 0.25, 0.44, 0.64, 0.85, 1.05, 1.25, 1.44, 1.62, 1.77, 1.91, 2.02, 2.11, 2.18, 2.23, 2.27, 2.29, 2.30, 2.29, 2.26, 2.23, 2.18, 2.14, 2.10, 2.06, 2.03, 2.01, 1.99, 1.96, 1.93
-4.29, -4.65, -5.04, -5.45, -5.88, -6.31, -6.75, -7.18, -7.60, -7.99, -8.35, -8.68, -8.96, -9.21, -9.42, -9.59, -9.73, -9.80, -9.82, -9.78, -9.68, -9.52, -9.32, -9.07, -8.79, -8.49, -8.18, -7.85, -7.53, -7.21, -6.91, -6.62, -6.35, -6.09, -5.86, -5.64, -5.43, -5.24, -5.06, -4.88, -4.71, -4.54, -4.37, -4.20, -4.01, -3.82, -3.61, -3.39, -3.15, -2.89, -2.62, -2.34, -2.05, -1.76, -1.48, -1.20, -0.95, -0.71, -0.51, -0.34, -0.21, -0.11, -0.04, -0.01, 0.02, 0.06, 0.10, 0.17, 0.27, 0.38, 0.53, 0.69, 0.87, 1.06, 1.26, 1.45, 1.64, 1.82, 1.99, 2.14, 2.27, 2.38, 2.47, 2.54, 2.59, 2.63, 2.66, 2.67, 2.67, 2.65, 2.62, 2.59, 2.55, 2.51, 2.48, 2.45, 2.42, 2.40, 2.37, 2.33
-4.32, -4.67, -5.06, -5.46, -5.88, -6.31, -6.75, -7.17, -7.59, -7.98, -8.34, -8.67, -8.96, -9.21, -9.42, -9.61, -9.75, -9.83, -9.85, -9.82, -9.72, -9.56, -9.35, -9.10, -8.82, -8.51, -8.18, -7.85, -7.51, -7.18, -6.86, -6.56, -6.28, -6.01, -5.77, -5.54, -5.33, -5.13, -4.94, -4.76, -4.58, -4.41, -4.23, -4.05, -3.86, -3.65, -3.43, -3.19, -2.93, -2.65, -2.36, -2.06, -1.75, -1.44, -1.14, -0.84, -0.57, -0.32, -0.11, 0.07, 0.22, 0.32, 0.39, 0.43, 0.47, 0.50, 0.55, 0.62, 0.71, 0.83, 0.96, 1.12, 1.29, 1.48, 1.66, 1.85, 2.03, 2.20, 2.36, 2.51, 2.63, 2.74, 2.83, 2.90, 2.96, 3.00, 3.04, 3.06, 3.06, 3.06, 3.04, 3.01, 2.98, 2.94, 2.91, 2.88, 2.85, 2.82, 2.78, 2.73
-4.35, -4.70, -5.07, -5.47, -5.88, -6.30, -6.72, -7.14, -7.55, -7.94, -8.30, -8.63, -8.92, -9.18, -9.40, -9.60, -9.74, -9.84, -9.86, -9.83, -9.73, -9.58, -9.37, -9.12, -8.83, -8.51, -8.18, -7.83, -7.49, -7.15, -6.82, -6.50, -6.21, -5.93, -5.67, -5.44, -5.22, -5.02, -4.82, -4.64, -4.46, -4.28, -4.09, -3.90, -3.70, -3.48, -3.24, -2.99, -2.71, -2.42, -2.11, -1.79, -1.46, -1.13, -0.80, -0.49, -0.20, 0.06, 0.29, 0.48, 0.63, 0.74, 0.81, 0.86, 0.90, 0.93, 0.98, 1.05, 1.14, 1.26, 1.39, 1.54, 1.71, 1.88, 2.06, 2.24, 2.41, 2.57, 2.73, 2.87, 2.99, 3.10, 3.19, 3.26, 3.33, 3.38, 3.42, 3.45, 3.47, 3.47, 3.46, 3.45, 3.42, 3.39, 3.36, 3.33, 3.29, 3.25, 3.20, 3.14
-4.39, -4.72, -5.08, -5.46, -5.86, -6.26, -6.67, -7.08, -7.48, -7.86, -8.22, -8.56, -8.86, -9.12, -9.35, -9.56, -9.71, -9.81, -9.85, -9.82, -9.73, -9.58, -9.37, -9.12, -8.83, -8.51, -8.17, -7.81, -7.46, -7.11, -6.77, -6.44, -6.13, -5.85, -5.58, -5.34, -5.11, -4.90, -4.71, -4.52, -4.34, -4.15, -3.96, -3.76, -3.55, -3.32, -3.07, -2.79, -2.50, -2.19, -1.86, -1.52, -1.18, -0.83, -0.49, -0.16, 0.14, 0.42, 0.66, 0.86, 1.02, 1.13, 1.21, 1.27, 1.30, 1.34, 1.40, 1.47, 1.56, 1.67, 1.79, 1.94, 2.10, 2.26, 2.43, 2.60, 2.77, 2.93, 3.08, 3.21, 3.33, 3.44, 3.54, 3.62, 3.69, 3.75, 3.80, 3.84, 3.87, 3.89, 3.89, 3.89, 3.87, 3.85, 3.82, 3.78, 3.74, 3.69, 3.62, 3.54
-4.43, -4.74, -5.08, -5.44, -5.82, -6.21, -6.60, -6.99, -7.38, -7.76, -8.12, -8.45, -8.76, -9.03, -9.27, -9.49, -9.65, -9.76, -9.81, -9.79, -9.71, -9.56, -9.36, -9.11, -8.81, -8.49, -8.14, -7.79, -7.42, -7.06, -6.71, -6.37, -6.06, -5.76, -5.49, -5.24, -5.01, -4.79, -4.59, -4.40, -4.21, -4.02, -3.83, -3.62, -3.40, -3.16, -2.89, -2.61, -2.30, -1.98, -1.63, -1.28, -0.91, -0.55, -0.19, 0.15, 0.47, 0.75, 1.00, 1.21, 1.38, 1.50, 1.59, 1.64, 1.68, 1.72, 1.78, 1.85, 1.94, 2.04, 2.17, 2.31, 2.46, 2.62, 2.78, 2.94, 3.10, 3.26, 3.40, 3.54, 3.66, 3.77, 3.87, 3.96, 4.04, 4.11, 4.17, 4.23, 4.27, 4.30, 4.32, 4.33, 4.32, 4.30, 4.27, 4.24, 4.19, 4.13, 4.05, 3.95
-4.46, -4.75, -5.07, -5.41, -5.76, -6.13, -6.50, -6.88, -7.26, -7.63, -7.98, -8.32, -8.63, -8.91, -9.16, -9.39, -9.57, -9.69, -9.75, -9.74, -9.66, -9.52, -9.32, -9.07, -8.78, -8.46, -8.11, -7.75, -7.38, -7.01, -6.65, -6.31, -5.98, -5.68, -5.40, -5.14, -4.90, -4.68, -4.48, -4.28, -4.09, -3.90, -3.70, -3.48, -3.25, -3.00, -2.73, -2.44, -2.12, -1.78, -1.42, -1.05, -0.67, -0.30, 0.07, 0.43, 0.76, 1.05, 1.31, 1.53, 1.70, 1.83, 1.92, 1.98, 2.02, 2.07, 2.12, 2.19, 2.28, 2.38, 2.50, 2.64, 2.78, 2.94, 3.09, 3.25, 3.41, 3.56, 3.70, 3.84, 3.97, 4.08, 4.19, 4.29, 4.37, 4.46, 4.53, 4.60, 4.66, 4.71, 4.74, 4.76, 4.76, 4.75, 4.73, 4.69, 4.63, 4.56, 4.47, 4.35
-4.47, -4.75, -5.04, -5.35, -5.68, -6.02, -6.38, -6.74, -7.10, -7.46, -7.81, -8.15, -8.47, -8.76, -9.02, -9.26, -9.45, -9.58, -9.65, -9.66, -9.59, -9.46, -9.27, -9.03, -8.74, -8.41, -8.07, -7.70, -7.33, -6.95, -6.59, -6.23, -5.90, -5.59, -5.30, -5.04, -4.79, -4.57, -4.36, -4.17, -3.97, -3.77, -3.57, -3.35, -3.12, -2.86, -2.58, -2.28, -1.95, -1.60, -1.23, -0.85, -0.46, -0.07, 0.31, 0.67, 1.01, 1.31, 1.58, 1.80, 1.98, 2.11, 2.21, 2.27, 2.31, 2.36, 2.42, 2.49, 2.58, 2.68, 2.80, 2.92, 3.06, 3.21, 3.37, 3.52, 3.67, 3.82, 3.97, 4.11, 4.24, 4.36, 4.48, 4.59, 4.69, 4.78, 4.87, 4.96, 5.03, 5.09, 5.14, 5.17, 5.19, 5.18, 5.16, 5.12, 5.06, 4.98, 4.88, 4.75
-4.48, -4.73, -4.99, -5.28, -5.58, -5.90, -6.23, -6.57, -6.92, -7.27, -7.62, -7.96, -8.28, -8.58, -8.86, -9.11, -9.31, -9.46, -9.54, -9.55, -9.50, -9.38, -9.20, -8.96, -8.68, -8.36, -8.01, -7.64, -7.27, -6.89, -6.52, -6.16, -5.82, -5.50, -5.21, -4.94, -4.69, -4.46, -4.25, -4.05, -3.86, -3.66, -3.45, -3.23, -2.99, -2.72, -2.44, -2.13, -1.79, -1.44, -1.06, -0.67, -0.28, 0.12, 0.50, 0.87, 1.22, 1.53, 1.80, 2.03, 2.21, 2.35, 2.44, 2.51, 2.56, 2.61, 2.67, 2.74, 2.83, 2.93, 3.04, 3.16, 3.30, 3.44, 3.59, 3.75, 3.90, 4.05, 4.20, 4.34, 4.48, 4.61, 4.74, 4.86, 4.97, 5.09, 5.19, 5.29, 5.38, 5.46, 5.52, 5.57, 5.59, 5.60, 5.58, 5.54, 5.48, 5.39, 5.27, 5.13
-4.47, -4.69, -4.93, -5.19, -5.46, -5.75, -6.06, -6.39, -6.72, -7.06, -7.40, -7.74, -8.07, -8.38, -8.67, -8.93, -9.15, -9.31, -9.40, -9.43, -9.39, -9.28, -9.10, -8.88, -8.60, -8.29, -7.94, -7.58, -7.20, -6.82, -6.44, -6.08, -5.74, -5.41, -5.11, -4.84, -4.59, -4.36, -4.15, -3.94, -3.74, -3.54, -3.33, -3.10, -2.86, -2.60, -2.31, -1.99, -1.66, -1.30, -0.92, -0.53, -0.13, 0.27, 0.66, 1.04, 1.38, 1.70, 1.97, 2.20, 2.39, 2.53, 2.63, 2.69, 2.75, 2.80, 2.86, 2.94, 3.02, 3.12, 3.23, 3.35, 3.49, 3.63, 3.78, 3.93, 4.08, 4.24, 4.39, 4.54, 4.69, 4.83, 4.97, 5.10, 5.23, 5.36, 5.48, 5.59, 5.70, 5.79, 5.87, 5.93, 5.97, 5.99, 5.98, 5.94, 5.87, 5.78, 5.66, 5.50
-4.44, -4.64, -4.85, -5.08, -5.33, -5.59, -5.88, -6.18, -6.50, -6.83, -7.17, -7.51, -7.84, -8.16, -8.46, -8.73, -8.96, -9.14, -9.25, -9.29, -9.26, -9.16, -9.00, -8.78, -8.51, -8.20, -7.86, -7.50, -7.13, -6.74, -6.37, -6.00, -5.65, -5.32, -5.02, -4.74, -4.49, -4.25, -4.04, -3.84, -3.64, -3.43, -3.22, -2.99, -2.75, -2.48, -2.19, -1.88, -1.54, -1.18, -0.80, -0.41, -0.01, 0.39, 0.78, 1.16, 1.51, 1.82, 2.10, 2.33, 2.52, 2.66, 2.76, 2.83, 2.88, 2.94, 3.00, 3.08, 3.16, 3.26, 3.37, 3.49, 3.62, 3.77, 3.91, 4.07, 4.22, 4.38, 4.54, 4.70, 4.85, 5.01, 5.16, 5.31, 5.45, 5.60, 5.73, 5.86, 5.99, 6.10, 6.19, 6.27, 6.32, 6.34, 6.34, 6.31, 6.24, 6.15, 6.02, 5.85
-4.39, -4.56, -4.75, -4.96, -5.18, -5.42, -5.69, -5.97, -6.27, -6.60, -6.93, -7.27, -7.61, -7.93, -8.25, -8.53, -8.77, -8.96, -9.08, -9.13, -9.11, -9.03, -8.88, -8.67, -8.41, -8.11, -7.78, -7.42, -7.05, -6.67, -6.29, -5.92, -5.57, -5.24, -4.93, -4.65, -4.39, -4.16, -3.94, -3.74, -3.53, -3.33, -3.11, -2.88, -2.64, -2.37, -2.08, -1.77, -1.43, -1.07, -0.70, -0.31, 0.09, 0.48, 0.87, 1.24, 1.58, 1.90, 2.17, 2.41, 2.59, 2.73, 2.84, 2.91, 2.97, 3.03, 3.09, 3.17, 3.26, 3.35, 3.46, 3.58, 3.72, 3.86, 4.01, 4.16, 4.32, 4.49, 4.65, 4.82, 4.99, 5.15, 5.32, 5.48, 5.64, 5.80, 5.95, 6.10, 6.24, 6.37, 6.48, 6.57, 6.63, 6.67, 6.67, 6.64, 6.58, 6.49, 6.36, 6.19
-4.32, -4.48, -4.64, -4.82, -5.02, -5.24, -5.49, -5.75, -6.04, -6.36, -6.69, -7.02, -7.37, -7.70, -8.03, -8.32, -8.57, -8.77, -8.90, -8.97, -8.96, -8.89, -8.75, -8.56, -8.31, -8.01, -7.69, -7.33, -6.96, -6.58, -6.21, -5.84, -5.49, -5.15, -4.84, -4.56, -4.30, -4.06, -3.84, -3.64, -3.43, -3.22, -3.01, -2.78, -2.54, -2.27, -1.99, -1.68, -1.35, -0.99, -0.62, -0.24, 0.15, 0.54, 0.92, 1.28, 1.62, 1.93, 2.21, 2.44, 2.62, 2.77, 2.87, 2.95, 3.01, 3.07, 3.14, 3.21, 3.30, 3.40, 3.51, 3.63, 3.76, 3.91, 4.06, 4.22, 4.38, 4.56, 4.73, 4.91, 5.09, 5.27, 5.44, 5.62, 5.80, 5.97, 6.14, 6.30, 6.46, 6.60, 6.72, 6.83, 6.91, 6.95, 6.97, 6.95, 6.89, 6.80, 6.67, 6.51
-4.24, -4.38, -4.52, -4.68, -4.86, -5.06, -5.29, -5.54, -5.82, -6.12, -6.45, -6.79, -7.14, -7.48, -7.81, -8.11, -8.38, -8.58, -8.73, -8.80, -8.81, -8.75, -8.62, -8.44, -8.20, -7.91, -7.59, -7.25, -6.88, -6.50, -6.13, -5.76, -5.41, -5.07, -4.76, -4.47, -4.21, -3.97, -3.75, -3.55, -3.34, -3.13, -2.91, -2.69, -2.44, -2.18, -1.90, -1.60, -1.27, -0.93, -0.57, -0.20, 0.19, 0.57, 0.94, 1.30, 1.63, 1.93, 2.20, 2.43, 2.62, 2.76, 2.86, 2.94, 3.01, 3.07, 3.14, 3.22, 3.31, 3.41, 3.52, 3.64, 3.78, 3.92, 4.08, 4.24, 4.41, 4.59, 4.78, 4.96, 5.15, 5.35, 5.54, 5.73, 5.92, 6.11, 6.29, 6.47, 6.64, 6.79, 6.93, 7.05, 7.14, 7.20, 7.23, 7.22, 7.17, 7.09, 6.96, 6.80
-4.15, -4.27, -4.40, -4.54, -4.70, -4.89, -5.10, -5.34, -5.61, -5.91, -6.23, -6.57, -6.92, -7.27, -7.61, -7.92, -8.19, -8.41, -8.56, -8.65, -8.66, -8.61, -8.50, -8.32, -8.09, -7.81, -7.50, -7.16, -6.80, -6.42, -6.05, -5.68, -5.33, -4.99, -4.68, -4.39, -4.13, -3.89, -3.67, -3.46, -3.25, -3.04, -2.82, -2.60, -2.36, -2.10, -1.83, -1.53, -1.21, -0.88, -0.53, -0.17, 0.20, 0.57, 0.93, 1.28, 1.61, 1.91, 2.17, 2.39, 2.58, 2.72, 2.83, 2.90, 2.97, 3.04, 3.11, 3.19, 3.28, 3.38, 3.50, 3.62, 3.76, 3.91, 4.07, 4.24, 4.42, 4.60, 4.79, 4.99, 5.20, 5.40, 5.61, 5.81, 6.02, 6.22, 6.42, 6.61, 6.79, 6.96, 7.11, 7.24, 7.34, 7.42, 7.45, 7.45, 7.42, 7.34, 7.23, 7.08
-4.05, -4.15, -4.27, -4.40, -4.55, -4.72, -4.92, -5.15, -5.42, -5.71, -6.03, -6.37, -6.72, -7.08, -7.42, -7.74, -8.02, -8.24, -8.40, -8.50, -8.53, -8.48, -8.38, -8.21, -7.99, -7.72, -7.41, -7.07, -6.72, -6.35, -5.97, -5.61, -5.25, -4.92, -4.60, -4.31, -4.05, -3.81, -3.59, -3.38, -3.17, -2.96, -2.74, -2.52, -2.28, -2.03, -1.76, -1.47, -1.17, -0.84, -0.50, -0.15, 0.20, 0.56, 0.91, 1.25, 1.57, 1.86, 2.11, 2.33, 2.51, 2.65, 2.76, 2.84, 2.91, 2.98, 3.06, 3.14, 3.23, 3.34, 3.45, 3.58, 3.72, 3.87, 4.04, 4.21, 4.40, 4.59, 4.79, 5.00, 5.22, 5.43, 5.65, 5.87, 6.09, 6.30, 6.51, 6.71, 6.90, 7.08, 7.25, 7.39, 7.51, 7.59, 7.64, 7.66, 7.63, 7.57, 7.47, 7.34
-3.94, -4.04, -4.15, -4.27, -4.41, -4.58, -4.77, -5.00, -5.25, -5.54, -5.86, -6.20, -6.56, -6.92, -7.26, -7.59, -7.87, -8.10, -8.27, -8.37, -8.40, -8.37, -8.27, -8.11, -7.89, -7.63, -7.33, -7.00, -6.64, -6.28, -5.91, -5.54, -5.19, -4.85, -4.54, -4.25, -3.98, -3.74, -3.52, -3.30, -3.09, -2.88, -2.67, -2.44, -2.21, -1.97, -1.70, -1.42, -1.13, -0.81, -0.49, -0.15, 0.19, 0.54, 0.88, 1.20, 1.51, 1.79, 2.04, 2.26, 2.43, 2.58, 2.68, 2.77, 2.84, 2.91, 2.99, 3.08, 3.17, 3.28, 3.40, 3.53, 3.67, 3.82, 3.99, 4.18, 4.37, 4.57, 4.78, 5.00, 5.22, 5.45, 5.67, 5.90, 6.13, 6.36, 6.58, 6.79, 6.99, 7.18, 7.36, 7.51, 7.64, 7.74, 7.80, 7.83, 7.82, 7.78, 7.69, 7.57
-3.83, -3.93, -4.04, -4.16, -4.29, -4.45, -4.64, -4.87, -5.12, -5.41, -5.73, -6.07, -6.43, -6.79, -7.14, -7.46, -7.75, -7.98, -8.16, -8.26, -8.30, -8.27, -8.18, -8.02, -7.81, -7.55, -7.26, -6.93, -6.58, -6.21, -5.84, -5.48, -5.13, -4.79, -4.48, -4.18, -3.92, -3.67, -3.45, -3.24, -3.03, -2.81, -2.60, -2.38, -2.15, -1.91, -1.65, -1.38, -1.09, -0.79, -0.48, -0.15, 0.18, 0.51, 0.84, 1.15, 1.45, 1.72, 1.97, 2.18, 2.35, 2.49, 2.60, 2.69, 2.76, 2.83, 2.92, 3.00, 3.10, 3.21, 3.33, 3.47, 3.61, 3.77, 3.95, 4.13, 4.33, 4.54, 4.76, 4.98, 5.21, 5.45, 5.69, 5.92, 6.16, 6.40, 6.63, 6.85, 7.06, 7.26, 7.44, 7.61, 7.74, 7.85, 7.93, 7.97, 7.98, 7.96, 7.89, 7.80
-3.73, -3.83, -3.94, -4.06, -4.20, -4.36, -4.55, -4.77, -5.02, -5.31, -5.63, -5.97, -6.33, -6.69, -7.05, -7.37, -7.66, -7.90, -8.07, -8.18, -8.22, -8.20, -8.11, -7.95, -7.75, -7.49, -7.20, -6.87, -6.52, -6.16, -5.79, -5.43, -5.07, -4.74, -4.42, -4.13, -3.86, -3.62, -3.39, -3.18, -2.96, -2.75, -2.54, -2.32, -2.09, -1.85, -1.61, -1.34, -1.07, -0.78, -0.47, -0.16, 0.16, 0.48, 0.79, 1.10, 1.39, 1.65, 1.89, 2.10, 2.27, 2.41, 2.52, 2.60, 2.68, 2.76, 2.84, 2.93, 3.04, 3.15, 3.27, 3.41, 3.56, 3.72, 3.90, 4.09, 4.29, 4.50, 4.73, 4.96, 5.20, 5.44, 5.69, 5.93, 6.18, 6.42, 6.66, 6.89, 7.11, 7.31, 7.50, 7.68, 7.82, 7.95, 8.04, 8.10, 8.12, 8.12, 8.07, 8.00
-3.64, -3.75, -3.86, -3.98, -4.12, -4.29, -4.48, -4.70, -4.96, -5.25, -5.57, -5.92, -6.27, -6.64, -6.99, -7.32, -7.61, -7.84, -8.02, -8.13, -8.17, -8.15, -8.06, -7.91, -7.70, -7.45, -7.15, -6.83, -6.48, -6.12, -5.75, -5.38, -5.03, -4.69, -4.38, -4.08, -3.81, -3.57, -3.34, -3.12, -2.91, -2.70, -2.48, -2.26, -2.04, -1.81, -1.57, -1.31, -1.04, -0.76, -0.47, -0.17, 0.14, 0.45, 0.75, 1.05, 1.33, 1.59, 1.82, 2.02, 2.19, 2.33, 2.44, 2.53, 2.61, 2.69, 2.78, 2.87, 2.97, 3.09, 3.21, 3.35, 3.51, 3.67, 3.85, 4.05, 4.25, 4.47, 4.70, 4.94, 5.18, 5.43, 5.68, 5.93, 6.19, 6.43, 6.68, 6.91, 7.14, 7.35, 7.55, 7.73, 7.88, 8.02, 8.12, 8.20, 8.24, 8.26, 8.24, 8.19
-3.56, -3.67, -3.79, -3.92, -4.07, -4.24, -4.44, -4.67, -4.93, -5.23, -5.55, -5.89, -6.25, -6.61, -6.96, -7.29, -7.58, -7.81, -7.99, -8.10, -8.14, -8.12, -8.03, -7.88, -7.67, -7.42, -7.12, -6.80, -6.45, -6.08, -5.71, -5.35, -5.00, -4.66, -4.34, -4.04, -3.77, -3.53, -3.30, -3.08, -2.86, -2.65, -2.43, -2.22, -2.00, -1.77, -1.53, -1.28, -1.02, -0.75, -0.47, -0.18, 0.12, 0.42, 0.71, 1.00, 1.27, 1.53, 1.75, 1.95, 2.12, 2.26, 2.37, 2.46, 2.54, 2.63, 2.71, 2.81, 2.92, 3.03, 3.16, 3.31, 3.46, 3.63, 3.82, 4.01, 4.22, 4.44, 4.68, 4.92, 5.16, 5.42, 5.67, 5.93, 6.19, 6.44, 6.69, 6.93, 7.16, 7.37, 7.58, 7.76, 7.93, 8.07, 8.19, 8.28, 8.35, 8.39, 8.39, 8.37
-3.49, -3.61, -3.74, -3.88, -4.04, -4.22, -4.42, -4.66, -4.93, -5.22, -5.55, -5.89, -6.25, -6.61, -6.96, -7.29, -7.57, -7.81, -7.98, -8.09, -8.13, -8.10, -8.01, -7.86, -7.65, -7.40, -7.10, -6.78, -6.43, -6.06, -5.69, -5.32, -4.97, -4.63, -4.31, -4.01, -3.74, -3.49, -3.26, -3.04, -2.83, -2.61, -2.39, -2.18, -1.96, -1.74, -1.50, -1.26, -1.01, -0.74, -0.47, -0.19, 0.10, 0.39, 0.67, 0.95, 1.22, 1.46, 1.69, 1.88, 2.05, 2.19, 2.30, 2.39, 2.48, 2.56, 2.66, 2.75, 2.86, 2.98, 3.11, 3.26, 3.42, 3.59, 3.78, 3.98, 4.19, 4.41, 4.65, 4.89, 5.14, 5.40, 5.66, 5.92, 6.18, 6.43, 6.69, 6.93, 7.16, 7.39, 7.60, 7.79, 7.96, 8.12, 8.25, 8.36, 8.44, 8.50, 8.53, 8.53
-3.44, -3.57, -3.70, -3.85, -4.02, -4.21, -4.42, -4.66, -4.93, -5.24, -5.56, -5.91, -6.26, -6.62, -6.97, -7.30, -7.58, -7.81, -7.98, -8.09, -8.13, -8.10, -8.01, -7.86, -7.65, -7.39, -7.09, -6.76, -6.41, -6.05, -5.68, -5.31, -4.95, -4.61, -4.29, -3.99, -3.72, -3.47, -3.24, -3.01, -2.79, -2.58, -2.36, -2.15, -1.93, -1.71, -1.48, -1.25, -1.00, -0.74, -0.48, -0.21, 0.07, 0.35, 0.63, 0.90, 1.16, 1.40, 1.62, 1.81, 1.98, 2.12, 2.23, 2.32, 2.41, 2.50, 2.59, 2.69, 2.81, 2.93, 3.06, 3.21, 3.37, 3.54, 3.73, 3.94, 4.15, 4.38, 4.61, 4.86, 5.11, 5.37, 5.63, 5.90, 6.16, 6.42, 6.68, 6.93, 7.17, 7.39, 7.61, 7.80, 7.99, 8.15, 8.30, 8.42, 8.53, 8.61, 8.66, 8.69
-3.39, -3.53, -3.68, -3.84, -4.02, -4.21, -4.43, -4.68, -4.96, -5.26, -5.59, -5.93, -6.29, -6.65, -6.99, -7.31, -7.59, -7.82, -7.99, -8.10, -8.13, -8.10, -8.01, -7.85, -7.64, -7.38, -7.09, -6.76, -6.40, -6.04, -5.66, -5.30, -4.94, -4.60, -4.27, -3.98, -3.70, -3.45, -3.22, -2.99, -2.77, -2.55, -2.34, -2.12, -1.91, -1.69, -1.47, -1.24, -1.00, -0.75, -0.49, -0.23, 0.04, 0.32, 0.59, 0.85, 1.10, 1.34, 1.55, 1.74, 1.91, 2.05, 2.16, 2.26, 2.35, 2.44, 2.53, 2.64, 2.75, 2.88, 3.01, 3.16, 3.32, 3.50, 3.69, 3.90, 4.11, 4.34, 4.58, 4.83, 5.09, 5.35, 5.61, 5.88, 6.14, 6.41, 6.67, 6.92, 7.16, 7.39, 7.61, 7.81, 8.00, 8.18, 8.33, 8.48, 8.60, 8.70, 8.78, 8.84
-3.37, -3.52, -3.68, -3.85, -4.03, -4.24, -4.46, -4.72, -4.99, -5.30, -5.63, -5.97, -6.32, -6.68, -7.02, -7.33, -7.61, -7.83, -8.00, -8.10, -8.13, -8.10, -8.00, -7.84, -7.63, -7.37, -7.07, -6.74, -6.39, -6.02, -5.65, -5.28, -4.93, -4.59, -4.26, -3.97, -3.69, -3.44, -3.20, -2.98, -2.75, -2.53, -2.32, -2.10, -1.89, -1.68, -1.46, -1.23, -0.99, -0.75, -0.50, -0.24, 0.02, 0.29, 0.55, 0.81, 1.06, 1.29, 1.50, 1.69, 1.85, 1.99, 2.11, 2.21, 2.30, 2.39, 2.49, 2.60, 2.71, 2.84, 2.98, 3.13, 3.29, 3.47, 3.67, 3.87, 4.09, 4.32, 4.56, 4.81, 5.06, 5.32, 5.59, 5.86, 6.12, 6.39, 6.65, 6.90, 7.15, 7.38, 7.60, 7.81, 8.01, 8.19, 8.36, 8.52, 8.66, 8.79, 8.89, 8.98
-3.36, -3.53, -3.70, -3.88, -4.07, -4.28, -4.51, -4.77, -5.05, -5.35, -5.68, -6.02, -6.37, -6.71, -7.05, -7.36, -7.62, -7.84, -8.00, -8.09, -8.12, -8.08, -7.98, -7.82, -7.61, -7.35, -7.05, -6.72, -6.37, -6.00, -5.64, -5.27, -4.92, -4.58, -4.26, -3.96, -3.69, -3.43, -3.20, -2.97, -2.75, -2.52, -2.31, -2.09, -1.88, -1.67, -1.45, -1.22, -0.99, -0.75, -0.51, -0.25, 0.00, 0.27, 0.53, 0.78, 1.03, 1.25, 1.46, 1.65, 1.82, 1.96, 2.07, 2.17, 2.27, 2.36, 2.47, 2.58, 2.69, 2.82, 2.96, 3.12, 3.28, 3.46, 3.66, 3.86, 4.08, 4.31, 4.55, 4.80, 5.05, 5.31, 5.58, 5.84, 6.11, 6.38, 6.64, 6.89, 7.14, 7.37, 7.59, 7.81, 8.01, 8.20, 8.38, 8.56, 8.72, 8.86, 8.99, 9.10
-3.39, -3.56, -3.74, -3.93, -4.13, -4.35, -4.59, -4.84, -5.12, -5.42, -5.74, -6.08, -6.42, -6.75, -7.08, -7.38, -7.64, -7.85, -7.99, -8.08, -8.10, -8.06, -7.95, -7.79, -7.57, -7.31, -7.01, -6.68, -6.34, -5.98, -5.61, -5.25, -4.91, -4.57, -4.25, -3.96, -3.69, -3.43, -3.20, -2.97, -2.74, -2.52, -2.30, -2.09, -1.88, -1.66, -1.45, -1.22, -0.99, -0.76, -0.51, -0.26, 0.00, 0.26, 0.51, 0.77, 1.01, 1.24, 1.45, 1.64, 1.80, 1.94, 2.06, 2.17, 2.26, 2.36, 2.47, 2.58, 2.70, 2.83, 2.97, 3.13, 3.30, 3.48, 3.67, 3.88, 4.09, 4.32, 4.56, 4.80, 5.06, 5.32, 5.58, 5.84, 6.10, 6.37, 6.63, 6.88, 7.13, 7.36, 7.59, 7.80, 8.01, 8.21, 8.40, 8.59, 8.77, 8.93, 9.09, 9.22
-3.44, -3.62, -3.81, -4.01, -4.22, -4.44, -4.68, -4.94, -5.22, -5.51, -5.82, -6.15, -6.47, -6.80, -7.11, -7.40, -7.65, -7.84, -7.98, -8.06, -8.07, -8.01, -7.90, -7.73, -7.52, -7.25, -6.96, -6.64, -6.29, -5.94, -5.59, -5.23, -4.89, -4.56, -4.25, -3.96, -3.69, -3.44, -3.21, -2.98, -2.75, -2.53, -2.31, -2.10, -1.88, -1.67, -1.45, -1.23, -1.00, -0.76, -0.52, -0.27, -0.01, 0.25, 0.51, 0.77, 1.01, 1.24, 1.45, 1.64, 1.81, 1.95, 2.07, 2.18, 2.28, 2.38, 2.49, 2.60, 2.73, 2.86, 3.01, 3.16, 3.33, 3.51, 3.71, 3.91, 4.13, 4.35, 4.59, 4.83, 5.08, 5.33, 5.59, 5.85, 6.11, 6.37, 6.63, 6.88, 7.12, 7.36, 7.58, 7.80, 8.01, 8.21, 8.41, 8.61, 8.81, 8.99, 9.17, 9.33
-3.52, -3.72, -3.92, -4.13, -4.34, -4.57, -4.81, -5.06, -5.33, -5.62, -5.92, -6.23, -6.54, -6.85, -7.15, -7.42, -7.65, -7.83, -7.96, -8.02, -8.02, -7.96, -7.84, -7.66, -7.44, -7.18, -6.89, -6.57, -6.24, -5.90, -5.55, -5.21, -4.88, -4.56, -4.26, -3.98, -3.71, -3.46, -3.23, -3.00, -2.77, -2.55, -2.33, -2.11, -1.90, -1.69, -1.47, -1.24, -1.01, -0.77, -0.52, -0.27, -0.01, 0.25, 0.52, 0.77, 1.02, 1.25, 1.47, 1.66, 1.83, 1.98, 2.11, 2.21, 2.32, 2.42, 2.53, 2.65, 2.77, 2.91, 3.06, 3.22, 3.39, 3.57, 3.77, 3.97, 4.19, 4.41, 4.64, 4.88, 5.12, 5.37, 5.62, 5.87, 6.13, 6.38, 6.64, 6.89, 7.13, 7.36, 7.58, 7.79, 8.01, 8.22, 8.43, 8.64, 8.85, 9.05, 9.25, 9.43
-3.64, -3.85, -4.06, -4.27, -4.49, -4.72, -4.95, -5.20, -5.46, -5.74, -6.02, -6.32, -6.61, -6.90, -7.18, -7.44, -7.65, -7.81, -7.92, -7.97, -7.96, -7.88, -7.76, -7.58, -7.36, -7.10, -6.81, -6.50, -6.17, -5.84, -5.51, -5.18, -4.86, -4.56, -4.27, -3.99, -3.73, -3.49, -3.26, -3.03, -2.80, -2.58, -2.36, -2.15, -1.93, -1.71, -1.49, -1.27, -1.03, -0.79, -0.53, -0.28, -0.01, 0.26, 0.53, 0.79, 1.04, 1.28, 1.50, 1.70, 1.87, 2.02, 2.15, 2.26, 2.37, 2.47, 2.59, 2.71, 2.84, 2.98, 3.13, 3.30, 3.47, 3.65, 3.85, 4.05, 4.26, 4.48, 4.71, 4.94, 5.18, 5.42, 5.67, 5.92, 6.16, 6.41, 6.66, 6.90, 7.14, 7.37, 7.59, 7.80, 8.01, 8.22, 8.44, 8.66, 8.88, 9.10, 9.32, 9.52
-3.79, -4.02, -4.24, -4.45, -4.67, -4.90, -5.13, -5.37, -5.61, -5.87, -6.14, -6.42, -6.69, -6.96, -7.22, -7.45, -7.65, -7.79, -7.88, -7.91, -7.88, -7.80, -7.66, -7.48, -7.25, -7.00, -6.71, -6.41, -6.10, -5.78, -5.46, -5.15, -4.85, -4.56, -4.28, -4.01, -3.76, -3.53, -3.30, -3.07, -2.85, -2.63, -2.41, -2.19, -1.97, -1.76, -1.53, -1.30, -1.06, -0.81, -0.55, -0.29, -0.01, 0.26, 0.54, 0.81, 1.07, 1.31, 1.54, 1.74, 1.92, 2.08, 2.21, 2.32, 2.43, 2.54, 2.66, 2.78, 2.92, 3.06, 3.22, 3.39, 3.56, 3.75, 3.95, 4.15, 4.36, 4.58, 4.80, 5.03, 5.26, 5.50, 5.73, 5.97, 6.21, 6.46, 6.70, 6.93, 7.16, 7.39, 7.60, 7.81, 8.02, 8.24, 8.46, 8.68, 8.92, 9.15, 9.38, 9.60
-3.98, -4.22, -4.44, -4.66, -4.88, -5.10, -5.32, -5.55, -5.78, -6.02, -6.27, -6.53, -6.78, -7.03, -7.26, -7.47, -7.64, -7.76, -7.83, -7.84, -7.80, -7.70, -7.55, -7.36, -7.14, -6.88, -6.61, -6.32, -6.01, -5.71, -5.41, -5.12, -4.83, -4.56, -4.29, -4.04, -3.80, -3.57, -3.35, -3.13, -2.90, -2.68, -2.47, -2.25, -2.03, -1.81, -1.58, -1.35, -1.10, -0.85, -0.58, -0.31, -0.02, 0.26, 0.54, 0.82, 1.09, 1.35, 1.58, 1.79, 1.97, 2.13, 2.27, 2.39, 2.50, 2.61, 2.73, 2.86, 3.00, 3.15, 3.31, 3.49, 3.67, 3.86, 4.06, 4.26, 4.47, 4.69, 4.91, 5.13, 5.36, 5.59, 5.81, 6.05, 6.28, 6.51, 6.74, 6.97, 7.20, 7.42, 7.62, 7.83, 8.04, 8.25, 8.48, 8.71, 8.95, 9.20, 9.44, 9.68
-4.21, -4.45, -4.68, -4.90, -5.11, -5.33, -5.54, -5.75, -5.96, -6.19, -6.41, -6.64, -6.87, -7.09, -7.30, -7.48, -7.63, -7.73, -7.77, -7.76, -7.70, -7.59, -7.43, -7.24, -7.01, -6.76, -6.49, -6.21, -5.92, -5.64, -5.36, -5.08, -4.82, -4.56, -4.32, -4.08, -3.85, -3.63, -3.41, -3.19, -2.97, -2.75, -2.54, -2.32, -2.10, -1.88, -1.65, -1.41, -1.16, -0.89, -0.62, -0.34, -0.04, 0.25, 0.54, 0.83, 1.11, 1.37, 1.62, 1.84, 2.03, 2.19, 2.33, 2.46, 2.57, 2.69, 2.81, 2.95, 3.09, 3.25, 3.41, 3.59, 3.78, 3.97, 4.18, 4.38, 4.59, 4.81, 5.03, 5.25, 5.47, 5.69, 5.91, 6.13, 6.36, 6.58, 6.81, 7.03, 7.25, 7.46, 7.66, 7.86, 8.06, 8.28, 8.50, 8.74, 8.99, 9.24, 9.50, 9.75
-4.46, -4.70, -4.94, -5.16, -5.37, -5.57, -5.77, -5.96, -6.16, -6.36, -6.56, -6.76, -6.96, -7.16, -7.34, -7.50, -7.62, -7.69, -7.71, -7.68, -7.60, -7.47, -7.31, -7.11, -6.88, -6.63, -6.37, -6.10, -5.83, -5.56, -5.30, -5.05, -4.80, -4.57, -4.34, -4.12, -3.90, -3.69, -3.48, -3.26, -3.05, -2.83, -2.62, -2.41, -2.19, -1.96, -1.73, -1.48, -1.23, -0.96, -0.67, -0.38, -0.08, 0.23, 0.53, 0.83, 1.12, 1.40, 1.65, 1.87, 2.07, 2.24, 2.39, 2.52, 2.64, 2.76, 2.89, 3.02, 3.18, 3.34, 3.51, 3.70, 3.89, 4.09, 4.30, 4.51, 4.72, 4.94, 5.15, 5.37, 5.58, 5.80, 6.01, 6.23, 6.45, 6.66, 6.88, 7.09, 7.30, 7.51, 7.70, 7.90, 8.10, 8.31, 8.54, 8.78, 9.03, 9.29, 9.55, 9.81
-4.74, -4.99, -5.22, -5.43, -5.64, -5.83, -6.01, -6.18, -6.36, -6.53, -6.71, -6.88, -7.06, -7.22, -7.38, -7.51, -7.60, -7.65, -7.65, -7.60, -7.50, -7.36, -7.18, -6.97, -6.74, -6.50, -6.24, -5.99, -5.73, -5.48, -5.24, -5.01, -4.79, -4.58, -4.37, -4.17, -3.96, -3.76, -3.55, -3.35, -3.14, -2.93, -2.72, -2.51, -2.29, -2.06, -1.83, -1.58, -1.31, -1.03, -0.74, -0.44, -0.13, 0.19, 0.51, 0.82, 1.12, 1.40, 1.66, 1.90, 2.10, 2.28, 2.44, 2.57, 2.69, 2.81, 2.95, 3.09, 3.25, 3.42, 3.60, 3.79, 3.99, 4.20, 4.41, 4.63, 4.85, 5.06, 5.28, 5.49, 5.71, 5.92, 6.13, 6.33, 6.54, 6.75, 6.96, 7.16, 7.37, 7.56, 7.75, 7.94, 8.14, 8.35, 8.57, 8.81, 9.07, 9.33, 9.60, 9.87
-5.04, -5.29, -5.51, -5.72, -5.92, -6.09, -6.26, -6.41, -6.56, -6.71, -6.86, -7.01, -7.15, -7.29, -7.42, -7.52, -7.59, -7.61, -7.58, -7.51, -7.39, -7.24, -7.05, -6.84, -6.60, -6.36, -6.12, -5.88, -5.64, -5.41, -5.19, -4.98, -4.78, -4.59, -4.40, -4.22, -4.03, -3.84, -3.64, -3.44, -3.24, -3.03, -2.83, -2.62, -2.40, -2.18, -1.94, -1.68, -1.42, -1.13, -0.83, -0.52, -0.20, 0.13, 0.46, 0.78, 1.09, 1.39, 1.66, 1.90, 2.12, 2.30, 2.46, 2.60, 2.72, 2.85, 2.99, 3.14, 3.30, 3.48, 3.67, 3.87, 4.08, 4.30, 4.52, 4.74, 4.96, 5.18, 5.40, 5.62, 5.83, 6.04, 6.24, 6.44, 6.64, 6.84, 7.04, 7.24, 7.43, 7.62, 7.81, 7.99, 8.18, 8.39, 8.61, 8.85, 9.11, 9.37, 9.64, 9.92
-5.35, -5.60, -5.82, -6.02, -6.20, -6.36, -6.51, -6.64, -6.77, -6.89, -7.01, -7.13, -7.25, -7.36, -7.46, -7.53, -7.57, -7.57, -7.52, -7.43, -7.29, -7.12, -6.92, -6.70, -6.47, -6.24, -6.00, -5.77, -5.55, -5.34, -5.14, -4.96, -4.78, -4.61, -4.44, -4.27, -4.10, -3.92, -3.73, -3.54, -3.35, -3.15, -2.95, -2.74, -2.53, -2.31, -2.07, -1.81, -1.54, -1.25, -0.94, -0.62, -0.29, 0.05, 0.39, 0.72, 1.04, 1.35, 1.63, 1.88, 2.10, 2.29, 2.46, 2.60, 2.73, 2.87, 3.01, 3.16, 3.33, 3.52, 3.72, 3.93, 4.15, 4.38, 4.61, 4.84, 5.07, 5.29, 5.51, 5.73, 5.94, 6.15, 6.34, 6.54, 6.74, 6.93, 7.12, 7.31, 7.50, 7.68, 7.86, 8.04, 8.23, 8.43, 8.65, 8.89, 9.14, 9.41, 9.68, 9.95
-5.67, -5.91, -6.13, -6.32, -6.48, -6.63, -6.76, -6.87, -6.97, -7.07, -7.16, -7.25, -7.34, -7.42, -7.50, -7.55, -7.56, -7.53, -7.46, -7.35, -7.20, -7.01, -6.80, -6.58, -6.35, -6.12, -5.89, -5.67, -5.47, -5.28, -5.10, -4.94, -4.78, -4.64, -4.49, -4.34, -4.18, -4.01, -3.83, -3.65, -3.46, -3.27, -3.08, -2.88, -2.67, -2.45, -2.21, -1.95, -1.67, -1.38, -1.07, -0.74, -0.40, -0.06, 0.29, 0.63, 0.96, 1.28, 1.57, 1.83, 2.06, 2.26, 2.43, 2.57, 2.71, 2.85, 3.00, 3.16, 3.34, 3.53, 3.74, 3.96, 4.19, 4.43, 4.67, 4.91, 5.15, 5.38, 5.61, 5.83, 6.04, 6.24, 6.44, 6.63, 6.82, 7.01, 7.20, 7.38, 7.56, 7.74, 7.91, 8.08, 8.26, 8.46, 8.68, 8.92, 9.17, 9.43, 9.71, 9.98
-5.99, -6.23, -6.43, -6.61, -6.76, -6.89, -7.00, -7.09, -7.16, -7.24, -7.30, -7.37, -7.43, -7.49, -7.54, -7.56, -7.55, -7.50, -7.41, -7.28, -7.11, -6.91, -6.70, -6.47, -6.23, -6.01, -5.79, -5.58, -5.39, -5.22, -5.06, -4.92, -4.79, -4.66, -4.54, -4.40, -4.26, -4.11, -3.94, -3.76, -3.59, -3.40, -3.22, -3.02, -2.82, -2.60, -2.36, -2.11, -1.83, -1.53, -1.22, -0.89, -0.54, -0.19, 0.16, 0.51, 0.85, 1.17, 1.47, 1.74, 1.98, 2.18, 2.36, 2.51, 2.66, 2.80, 2.95, 3.12, 3.31, 3.51, 3.73, 3.96, 4.20, 4.45, 4.70, 4.95, 5.20, 5.44, 5.67, 5.90, 6.11, 6.32, 6.52, 6.71, 6.89, 7.08, 7.26, 7.44, 7.61, 7.78, 7.95, 8.12, 8.30, 8.49, 8.70, 8.94, 9.19, 9.45, 9.72, 10.00
-6.30, -6.53, -6.73, -6.89, -7.03, -7.14, -7.23, -7.29, -7.35, -7.40, -7.44, -7.48, -7.52, -7.55, -7.58, -7.58, -7.55, -7.48, -7.36, -7.21, -7.03, -6.82, -6.60, -6.37, -6.14, -5.91, -5.70, -5.51, -5.33, -5.18, -5.04, -4.92, -4.81, -4.70, -4.59, -4.47, -4.35, -4.21, -4.05, -3.88, -3.72, -3.54, -3.37, -3.18, -2.98, -2.77, -2.53, -2.28, -2.01, -1.71, -1.39, -1.06, -0.71, -0.36, 0.00, 0.36, 0.71, 1.03, 1.34, 1.61, 1.86, 2.07, 2.26, 2.41, 2.56, 2.71, 2.87, 3.04, 3.24, 3.45, 3.68, 3.92, 4.18, 4.44, 4.70, 4.96, 5.22, 5.47, 5.71, 5.94, 6.16, 6.37, 6.57, 6.76, 6.94, 7.12, 7.30, 7.47, 7.64, 7.81, 7.97, 8.14, 8.31, 8.50, 8.72, 8.95, 9.19, 9.46, 9.73, 10.00
-6.61, -6.82, -7.01, -7.16, -7.28, -7.38, -7.44, -7.49, -7.52, -7.55, -7.57, -7.58, -7.60, -7.61, -7.61, -7.60, -7.55, -7.46, -7.33, -7.16, -6.97, -6.75, -6.52, -6.28, -6.05, -5.83, -5.63, -5.44, -5.28, -5.14, -5.02, -4.92, -4.83, -4.74, -4.65, -4.55, -4.44, -4.31, -4.16, -4.01, -3.85, -3.69, -3.52, -3.34, -3.15, -2.94, -2.72, -2.47, -2.20, -1.90, -1.59, -1.26, -0.91, -0.55, -0.19, 0.17, 0.52, 0.86, 1.17, 1.45, 1.70, 1.92, 2.11, 2.27, 2.43, 2.58, 2.74, 2.93, 3.13, 3.35, 3.59, 3.84, 4.11, 4.38, 4.66, 4.93, 5.20, 5.46, 5.71, 5.95, 6.17, 6.39, 6.59, 6.78, 6.96, 7.14, 7.31, 7.48, 7.65, 7.81, 7.97, 8.14, 8.31, 8.50, 8.71, 8.94, 9.19, 9.45, 9.72, 9.99
-6.89, -7.10, -7.27, -7.41, -7.52, -7.59, -7.64, -7.67, -7.68, -7.69, -7.69, -7.68, -7.68, -7.67, -7.65, -7.62, -7.55, -7.44, -7.30, -7.12, -6.92, -6.69, -6.45, -6.22, -5.98, -5.77, -5.57, -5.40, -5.25, -5.12, -5.02, -4.93, -4.85, -4.78, -4.71, -4.63, -4.53, -4.41, -4.28, -4.14, -3.99, -3.84, -3.68, -3.51, -3.33, -3.13, -2.91, -2.67, -2.41, -2.12, -1.81, -1.48, -1.13, -0.77, -0.41, -0.05, 0.30, 0.64, 0.96, 1.24, 1.50, 1.73, 1.92, 2.09, 2.25, 2.41, 2.58, 2.77, 2.98, 3.21, 3.46, 3.72, 4.00, 4.29, 4.57, 4.86, 5.14, 5.41, 5.67, 5.92, 6.15, 6.37, 6.57, 6.77, 6.95, 7.13, 7.30, 7.47, 7.63, 7.79, 7.95, 8.11, 8.28, 8.47, 8.68, 8.91, 9.16, 9.42, 9.69, 9.96
-7.15, -7.35, -7.51, -7.64, -7.73, -7.79, -7.82, -7.83, -7.83, -7.82, -7.80, -7.77, -7.75, -7.73, -7.70, -7.64, -7.56, -7.44, -7.28, -7.09, -6.88, -6.65, -6.41, -6.17, -5.93, -5.72, -5.53, -5.36, -5.22, -5.11, -5.02, -4.95, -4.89, -4.83, -4.77, -4.71, -4.62, -4.52, -4.40, -4.27, -4.13, -3.99, -3.84, -3.68, -3.51, -3.33, -3.12, -2.88, -2.63, -2.35, -2.04, -1.72, -1.38, -1.02, -0.66, -0.30, 0.05, 0.39, 0.71, 1.00, 1.26, 1.49, 1.70, 1.87, 2.04, 2.20, 2.38, 2.57, 2.79, 3.03, 3.29, 3.56, 3.85, 4.15, 4.45, 4.75, 5.04, 5.32, 5.59, 5.85, 6.09, 6.31, 6.52, 6.72, 6.90, 7.08, 7.25, 7.42, 7.58, 7.74, 7.90, 8.06, 8.23, 8.42, 8.63, 8.86, 9.11, 9.37, 9.64, 9.92
-7.39, -7.58, -7.73, -7.84, -7.92, -7.97, -7.99, -7.98, -7.96, -7.93, -7.90, -7.86, -7.82, -7.78, -7.74, -7.67, -7.58, -7.44, -7.28, -7.08, -6.86, -6.62, -6.37, -6.13, -5.90, -5.69, -5.50, -5.35, -5.21, -5.11, -5.03, -4.97, -4.93, -4.89, -4.84, -4.79, -4.72, -4.63, -4.52, -4.40, -4.27, -4.14, -4.01, -3.86, -3.70, -3.53, -3.33, -3.11, -2.86, -2.59, -2.30, -1.98, -1.65, -1.30, -0.94, -0.59, -0.23, 0.11, 0.43, 0.72, 0.99, 1.22, 1.43, 1.61, 1.78, 1.95, 2.14, 2.34, 2.56, 2.81, 3.08, 3.36, 3.66, 3.97, 4.28, 4.59, 4.90, 5.19, 5.47, 5.74, 5.98, 6.22, 6.43, 6.63, 6.82, 7.00, 7.17, 7.34, 7.50, 7.66, 7.82, 7.98, 8.15, 8.34, 8.55, 8.79, 9.04, 9.30, 9.58, 9.86
-7.61, -7.79, -7.93, -8.03, -8.09, -8.13, -8.13, -8.11, -8.08, -8.04, -7.99, -7.94, -7.89, -7.84, -7.78, -7.70, -7.59, -7.45, -7.28, -7.07, -6.84, -6.60, -6.35, -6.11, -5.88, -5.68, -5.49, -5.34, -5.22, -5.12, -5.05, -5.01, -4.97, -4.94, -4.91, -4.87, -4.81, -4.73, -4.64, -4.53, -4.42, -4.30, -4.17, -4.04, -3.89, -3.73, -3.55, -3.34, -3.11, -2.85, -2.56, -2.26, -1.93, -1.59, -1.25, -0.89, -0.54, -0.21, 0.12, 0.41, 0.68, 0.93, 1.14, 1.33, 1.50, 1.68, 1.86, 2.07, 2.30, 2.56, 2.83, 3.13, 3.44, 3.76, 4.08, 4.41, 4.72, 5.02, 5.31, 5.59, 5.85, 6.08, 6.30, 6.51, 6.70, 6.88, 7.06, 7.22, 7.39, 7.55, 7.70, 7.87, 8.04, 8.24, 8.45, 8.69, 8.94, 9.22, 9.50, 9.78
-7.82, -7.98, -8.11, -8.20, -8.25, -8.27, -8.27, -8.24, -8.19, -8.14, -8.08, -8.01, -7.95, -7.89, -7.82, -7.73, -7.62, -7.47, -7.29, -7.08, -6.84, -6.60, -6.35, -6.10, -5.88, -5.67, -5.49, -5.34, -5.23, -5.14, -5.08, -5.04, -5.02, -5.00, -4.98, -4.95, -4.91, -4.84, -4.76, -4.66, -4.56, -4.45, -4.34, -4.22, -4.09, -3.94, -3.77, -3.57, -3.35, -3.11, -2.84, -2.55, -2.23, -1.90, -1.56, -1.22, -0.87, -0.54, -0.21, 0.09, 0.36, 0.60, 0.82, 1.02, 1.20, 1.38, 1.57, 1.79, 2.02, 2.29, 2.57, 2.88, 3.20, 3.52, 3.86, 4.19, 4.52, 4.83, 5.13, 5.41, 5.68, 5.92, 6.15, 6.36, 6.55, 6.74, 6.91, 7.08, 7.25, 7.41, 7.57, 7.73, 7.91, 8.11, 8.33, 8.57, 8.83, 9.11, 9.40, 9.69
-8.01, -8.16, -8.28, -8.36, -8.40, -8.41, -8.39, -8.35, -8.30, -8.23, -8.16, -8.09, -8.01, -7.94, -7.86, -7.77, -7.64, -7.49, -7.30, -7.08, -6.84, -6.60, -6.35, -6.10, -5.88, -5.67, -5.50, -5.35, -5.24, -5.16, -5.11, -5.08, -5.07, -5.06, -5.05, -5.03, -5.00, -4.95, -4.87, -4.79, -4.70, -4.60, -4.51, -4.40, -4.28, -4.14, -3.99, -3.81, -3.61, -3.38, -3.12, -2.84, -2.54, -2.22, -1.89, -1.55, -1.21, -0.88, -0.56, -0.25, 0.02, 0.27, 0.50, 0.70, 0.88, 1.07, 1.27, 1.49, 1.73, 2.00, 2.29, 2.61, 2.94, 3.27, 3.62, 3.96, 4.29, 4.62, 4.93, 5.22, 5.49, 5.74, 5.98, 6.19, 6.39, 6.58, 6.75, 6.92, 7.09, 7.25, 7.41, 7.58, 7.76, 7.96, 8.19, 8.43, 8.70, 8.99, 9.28, 9.59
-8.20, -8.35, -8.45, -8.52, -8.55, -8.55, -8.52, -8.47, -8.40, -8.33, -8.24, -8.16, -8.08, -8.00, -7.91, -7.80, -7.67, -7.51, -7.31, -7.09, -6.85, -6.60, -6.35, -6.10, -5.88, -5.68, -5.51, -5.37, -5.26, -5.19, -5.14, -5.12, -5.12, -5.12, -5.12, -5.11, -5.09, -5.05, -4.99, -4.92, -4.84, -4.75, -4.67, -4.57, -4.47, -4.35, -4.21, -4.04, -3.85, -3.64, -3.40, -3.13, -2.84, -2.53, -2.21, -1.88, -1.54, -1.21, -0.89, -0.59, -0.31, -0.06, 0.17, 0.38, 0.57, 0.76, 0.97, 1.19, 1.44, 1.72, 2.02, 2.34, 2.68, 3.02, 3.38, 3.73, 4.07, 4.41, 4.72, 5.02, 5.30, 5.56, 5.80, 6.02, 6.22, 6.41, 6.59, 6.76, 6.93, 7.09, 7.25, 7.42, 7.60, 7.81, 8.04, 8.29, 8.57, 8.86, 9.16, 9.47
-8.39, -8.52, -8.62, -8.68, -8.70, -8.69, -8.65, -8.58, -8.51, -8.42, -8.33, -8.23, -8.14, -8.05, -7.95, -7.84, -7.70, -7.53, -7.33, -7.11, -6.86, -6.61, -6.36, -6.12, -5.89, -5.69, -5.53, -5.39, -5.29, -5.22, -5.18, -5.17, -5.17, -5.18, -5.19, -5.19, -5.18, -5.15, -5.10, -5.04, -4.97, -4.90, -4.82, -4.74, -4.65, -4.54, -4.41, -4.26, -4.09, -3.89, -3.66, -3.41, -3.13, -2.83, -2.52, -2.19, -1.86, -1.54, -1.22, -0.92, -0.64, -0.38, -0.15, 0.07, 0.27, 0.46, 0.67, 0.90, 1.16, 1.44, 1.75, 2.07, 2.42, 2.78, 3.14, 3.50, 3.85, 4.20, 4.52, 4.83, 5.12, 5.39, 5.63, 5.85, 6.06, 6.25, 6.43, 6.60, 6.77, 6.93, 7.10, 7.27, 7.46, 7.67, 7.90, 8.16, 8.44, 8.74, 9.05, 9.37
-8.57, -8.69, -8.78, -8.82, -8.83, -8.81, -8.76, -8.69, -8.60, -8.50, -8.40, -8.30, -8.20, -8.10, -8.00, -7.88, -7.74, -7.57, -7.36, -7.14, -6.89, -6.64, -6.39, -6.15, -5.93, -5.73, -5.57, -5.44, -5.34, -5.28, -5.25, -5.24, -5.24, -5.26, -5.28, -5.28, -5.28, -5.26, -5.21, -5.16, -5.10, -5.04, -4.97, -4.90, -4.81, -4.71, -4.60, -4.46, -4.30, -4.11, -3.90, -3.66, -3.39, -3.11, -2.80, -2.49, -2.17, -1.85, -1.53, -1.23, -0.95, -0.69, -0.45, -0.24, -0.03, 0.17, 0.38, 0.62, 0.88, 1.16, 1.48, 1.81, 2.16, 2.53, 2.90, 3.27, 3.64, 3.99, 4.33, 4.65, 4.94, 5.22, 5.47, 5.70, 5.91, 6.11, 6.29, 6.46, 6.63, 6.80, 6.96, 7.13, 7.33, 7.54, 7.78, 8.04, 8.33, 8.63, 8.95, 9.28
-8.74, -8.85, -8.92, -8.95, -8.95, -8.92, -8.86, -8.78, -8.68, -8.58, -8.48, -8.37, -8.26, -8.16, -8.05, -7.93, -7.78, -7.61, -7.41, -7.18, -6.94, -6.69, -6.45, -6.21, -5.99, -5.80, -5.64, -5.51, -5.42, -5.36, -5.33, -5.32, -5.33, -5.35, -5.37, -5.38, -5.38, -5.36, -5.33, -5.28, -5.22, -5.16, -5.10, -5.04, -4.96, -4.87, -4.76, -4.63, -4.48, -4.30, -4.10, -3.87, -3.62, -3.35, -3.06, -2.75, -2.44, -2.13, -1.82, -1.52, -1.24, -0.98, -0.74, -0.52, -0.31, -0.11, 0.11, 0.34, 0.61, 0.90, 1.21, 1.56, 1.91, 2.29, 2.67, 3.05, 3.42, 3.79, 4.14, 4.47, 4.78, 5.06, 5.32, 5.56, 5.78, 5.98, 6.17, 6.34, 6.51, 6.68, 6.85, 7.02, 7.22, 7.44, 7.68, 7.95, 8.24, 8.55, 8.87, 9.20
-8.89, -8.99, -9.04, -9.07, -9.05, -9.01, -8.94, -8.85, -8.75, -8.65, -8.54, -8.43, -8.32, -8.21, -8.10, -7.98, -7.84, -7.66, -7.46, -7.25, -7.01, -6.77, -6.53, -6.30, -6.09, -5.91, -5.75, -5.63, -5.53, -5.48, -5.44, -5.44, -5.44, -5.46, -5.48, -5.49, -5.49, -5.47, -5.43, -5.39, -5.33, -5.28, -5.22, -5.16, -5.08, -5.00, -4.90, -4.77, -4.63, -4.46, -4.27, -4.05, -3.81, -3.55, -3.27, -2.98, -2.67, -2.37, -2.07, -1.78, -1.50, -1.24, -1.01, -0.79, -0.58, -0.37, -0.15, 0.09, 0.35, 0.64, 0.96, 1.31, 1.67, 2.05, 2.44, 2.83, 3.22, 3.59, 3.95, 4.30, 4.62, 4.91, 5.19, 5.43, 5.66, 5.87, 6.06, 6.24, 6.41, 6.58, 6.75, 6.93, 7.13, 7.36, 7.60, 7.87, 8.17, 8.48, 8.81, 9.15
-9.03, -9.11, -9.15, -9.16, -9.13, -9.08, -9.01, -8.91, -8.81, -8.70, -8.59, -8.48, -8.37, -8.27, -8.16, -8.04, -7.90, -7.73, -7.54, -7.33, -7.10, -6.87, -6.64, -6.43, -6.22, -6.05, -5.89, -5.77, -5.68, -5.62, -5.59, -5.58, -5.58, -5.59, -5.60, -5.60, -5.60, -5.58, -5.54, -5.49, -5.44, -5.39, -5.33, -5.26, -5.19, -5.10, -5.00, -4.88, -4.74, -4.58, -4.39, -4.19, -3.96, -3.71, -3.44, -3.16, -2.87, -2.58, -2.29, -2.01, -1.73, -1.48, -1.24, -1.02, -0.81, -0.61, -0.39, -0.15, 0.11, 0.40, 0.72, 1.07, 1.44, 1.82, 2.22, 2.62, 3.01, 3.40, 3.78, 4.13, 4.46, 4.77, 5.06, 5.32, 5.56, 5.77, 5.97, 6.16, 6.33, 6.51, 6.68, 6.87, 7.07, 7.30, 7.55, 7.83, 8.13, 8.44, 8.77, 9.11
-9.15, -9.21, -9.24, -9.23, -9.20, -9.14, -9.05, -8.96, -8.85, -8.74, -8.63, -8.52, -8.42, -8.32, -8.22, -8.10, -7.97, -7.81, -7.63, -7.43, -7.22, -7.00, -6.79, -6.58, -6.39, -6.22, -6.08, -5.96, -5.87, -5.80, -5.76, -5.74, -5.74, -5.74, -5.74, -5.73, -5.72, -5.69, -5.65, -5.60, -5.54, -5.48, -5.41, -5.34, -5.27, -5.17, -5.07, -4.95, -4.81, -4.65, -4.47, -4.28, -4.06, -3.82, -3.56, -3.30, -3.02, -2.74, -2.47, -2.19, -1.93, -1.68, -1.45, -1.23, -1.02, -0.82, -0.60, -0.37, -0.11, 0.18, 0.50, 0.85, 1.22, 1.61, 2.01, 2.41, 2.82, 3.22, 3.60, 3.97, 4.32, 4.64, 4.94, 5.21, 5.46, 5.69, 5.89, 6.09, 6.27, 6.44, 6.63, 6.82, 7.03, 7.26, 7.52, 7.80, 8.10, 8.42, 8.75, 9.09
-9.25, -9.30, -9.31, -9.29, -9.24, -9.17, -9.08, -8.99, -8.88, -8.77, -8.67, -8.56, -8.47, -8.37, -8.28, -8.17, -8.05, -7.90, -7.73, -7.55, -7.36, -7.16, -6.96, -6.77, -6.59, -6.43, -6.29, -6.18, -6.09, -6.02, -5.97, -5.94, -5.91, -5.90, -5.89, -5.87, -5.84, -5.81, -5.76, -5.69, -5.63, -5.56, -5.49, -5.41, -5.32, -5.22, -5.11, -4.99, -4.85, -4.69, -4.51, -4.32, -4.11, -3.88, -3.64, -3.39, -3.13, -2.86, -2.60, -2.34, -2.08, -1.84, -1.61, -1.40, -1.20, -0.99, -0.78, -0.55, -0.30, -0.01, 0.30, 0.65, 1.02, 1.40, 1.81, 2.22, 2.63, 3.04, 3.43, 3.81, 4.17, 4.51, 4.82, 5.11, 5.37, 5.61, 5.82, 6.02, 6.21, 6.39, 6.58, 6.78, 7.00, 7.24, 7.50, 7.78, 8.09, 8.41, 8.75, 9.08
-9.34, -9.36, -9.36, -9.32, -9.27, -9.19, -9.10, -9.00, -8.89, -8.79, -8.69, -8.60, -8.51, -8.42, -8.34, -8.24, -8.13, -8.00, -7.85, -7.69, -7.52, -7.34, -7.16, -6.99, -6.82, -6.68, -6.54, -6.43, -6.33, -6.26, -6.20, -6.15, -6.11, -6.08, -6.05, -6.01, -5.97, -5.92, -5.86, -5.79, -5.71, -5.63, -5.54, -5.45, -5.35, -5.24, -5.12, -4.99, -4.84, -4.68, -4.50, -4.31, -4.11, -3.89, -3.66, -3.43, -3.18, -2.93, -2.68, -2.44, -2.20, -1.96, -1.74, -1.53, -1.33, -1.14, -0.93, -0.71, -0.46, -0.18, 0.13, 0.47, 0.83, 1.22, 1.62, 2.03, 2.45, 2.86, 3.27, 3.66, 4.03, 4.38, 4.71, 5.01, 5.28, 5.53, 5.76, 5.96, 6.16, 6.35, 6.54, 6.75, 6.97, 7.22, 7.49, 7.78, 8.09, 8.41, 8.75, 9.08
-9.40, -9.41, -9.39, -9.34, -9.28, -9.19, -9.10, -9.00, -8.90, -8.80, -8.71, -8.62, -8.55, -8.47, -8.40, -8.32, -8.22, -8.11, -7.98, -7.84, -7.69, -7.54, -7.38, -7.23, -7.08, -6.94, -6.82, -6.71, -6.61, -6.52, -6.45, -6.38, -6.33, -6.27, -6.22, -6.17, -6.10, -6.03, -5.96, -5.87, -5.78, -5.69, -5.59, -5.48, -5.36, -5.24, -5.10, -4.96, -4.80, -4.63, -4.46, -4.27, -4.07, -3.86, -3.64, -3.42, -3.19, -2.96, -2.73, -2.49, -2.27, -2.04, -1.83, -1.63, -1.43, -1.24, -1.05, -0.83, -0.59, -0.32, -0.02, 0.31, 0.66, 1.04, 1.44, 1.85, 2.27, 2.69, 3.10, 3.50, 3.89, 4.25, 4.59, 4.90, 5.19, 5.45, 5.68, 5.90, 6.10, 6.30, 6.50, 6.72, 6.95, 7.20, 7.48, 7.77, 8.09, 8.42, 8.75, 9.09
-9.46, -9.44, -9.41, -9.35, -9.27, -9.18, -9.08, -8.98, -8.89, -8.80, -8.72, -8.64, -8.58, -8.52, -8.46, -8.40, -8.32, -8.22, -8.12, -8.00, -7.88, -7.75, -7.62, -7.48, -7.35, -7.23, -7.11, -7.00, -6.90, -6.80, -6.71, -6.63, -6.55, -6.47, -6.40, -6.32, -6.24, -6.15, -6.05, -5.95, -5.85, -5.74, -5.62, -5.49, -5.36, -5.21, -5.06, -4.90, -4.73, -4.55, -4.37, -4.18, -3.99, -3.79, -3.58, -3.37, -3.15, -2.94, -2.72, -2.51, -2.29, -2.08, -1.88, -1.69, -1.50, -1.31, -1.13, -0.92, -0.69, -0.43, -0.14, 0.17, 0.52, 0.89, 1.28, 1.69, 2.11, 2.53, 2.94, 3.35, 3.74, 4.12, 4.47, 4.79, 5.09, 5.36, 5.60, 5.83, 6.04, 6.24, 6.45, 6.68, 6.92, 7.18, 7.46, 7.77, 8.08, 8.41, 8.75, 9.09
-9.50, -9.46, -9.41, -9.34, -9.25, -9.16, -9.06, -8.96, -8.87, -8.79, -8.72, -8.66, -8.61, -8.57, -8.53, -8.48, -8.42, -8.34, -8.26, -8.17, -8.07, -7.97, -7.86, -7.75, -7.64, -7.53, -7.42, -7.31, -7.20, -7.09, -6.99, -6.88, -6.78, -6.68, -6.58, -6.47, -6.37, -6.26, -6.14, -6.02, -5.90, -5.77, -5.63, -5.49, -5.33, -5.17, -5.00, -4.82, -4.63, -4.45, -4.26, -4.06, -3.87, -3.67, -3.48, -3.28, -3.08, -2.88, -2.68, -2.48, -2.28, -2.08, -1.89, -1.71, -1.52, -1.35, -1.17, -0.97, -0.76, -0.51, -0.24, 0.06, 0.40, 0.76, 1.14, 1.54, 1.95, 2.36, 2.78, 3.19, 3.59, 3.97, 4.33, 4.67, 4.97, 5.26, 5.51, 5.75, 5.96, 6.18, 6.39, 6.62, 6.87, 7.15, 7.44, 7.74, 8.07, 8.40, 8.74, 9.08
-9.52, -9.47, -9.40, -9.32, -9.22, -9.12, -9.03, -8.93, -8.85, -8.78, -8.72, -8.68, -8.64, -8.62, -8.59, -8.56, -8.52, -8.47, -8.41, -8.34, -8.27, -8.20, -8.12, -8.03, -7.93, -7.83, -7.73, -7.62, -7.51, -7.39, -7.27, -7.14, -7.01, -6.88, -6.75, -6.62, -6.49, -6.36, -6.23, -6.09, -5.95, -5.80, -5.64, -5.47, -5.30, -5.11, -4.91, -4.72, -4.52, -4.31, -4.11, -3.92, -3.72, -3.53, -3.34, -3.16, -2.97, -2.79, -2.60, -2.42, -2.23, -2.05, -1.87, -1.69, -1.52, -1.35, -1.18, -1.00, -0.79, -0.57, -0.31, -0.02, 0.29, 0.64, 1.01, 1.39, 1.80, 2.21, 2.62, 3.03, 3.43, 3.82, 4.19, 4.53, 4.85, 5.14, 5.40, 5.64, 5.87, 6.09, 6.31, 6.55, 6.81, 7.09, 7.39, 7.71, 8.04, 8.38, 8.72, 9.05
-9.54, -9.48, -9.39, -9.30, -9.19, -9.09, -8.99, -8.90, -8.82, -8.76, -8.72, -8.69, -8.67, -8.66, -8.65, -8.64, -8.62, -8.59, -8.55, -8.52, -8.47, -8.42, -8.37, -8.30, -8.22, -8.14, -8.04, -7.93, -7.81, -7.68, -7.54, -7.39, -7.24, -7.09, -6.93, -6.77, -6.61, -6.46, -6.31, -6.15, -5.99, -5.82, -5.64, -5.45, -5.25, -5.04, -4.82, -4.60, -4.38, -4.17, -3.96, -3.75, -3.55, -3.37, -3.18, -3.01, -2.83, -2.66, -2.50, -2.33, -2.16, -1.99, -1.81, -1.65, -1.48, -1.32, -1.16, -0.99, -0.80, -0.59, -0.35, -0.08, 0.21, 0.54, 0.89, 1.26, 1.65, 2.05, 2.46, 2.87, 3.27, 3.66, 4.03, 4.38, 4.70, 5.00, 5.27, 5.52, 5.75, 5.98, 6.21, 6.46, 6.73, 7.02, 7.32, 7.65, 7.98, 8.33, 8.67, 9.01
-9.56, -9.47, -9.38, -9.27, -9.16, -9.05, -8.95, -8.87, -8.80, -8.75, -8.72, -8.70, -8.70, -8.71, -8.72, -8.72, -8.71, -8.71, -8.70, -8.69, -8.67, -8.65, -8.61, -8.57, -8.51, -8.43, -8.34, -8.23, -8.10, -7.96, -7.80, -7.64, -7.46, -7.28, -7.09, -6.91, -6.73, -6.55, -6.38, -6.20, -6.02, -5.84, -5.63, -5.42, -5.20, -4.96, -4.72, -4.48, -4.24, -4.01, -3.79, -3.58, -3.37, -3.19, -3.01, -2.84, -2.68, -2.52, -2.37, -2.21, -2.06, -1.90, -1.74, -1.58, -1.42, -1.27, -1.12, -0.96, -0.79, -0.60, -0.38, -0.13, 0.15, 0.45, 0.79, 1.14, 1.51, 1.90, 2.30, 2.70, 3.10, 3.49, 3.86, 4.21, 4.54, 4.84, 5.12, 5.38, 5.62, 5.85, 6.09, 6.35, 6.62, 6.92, 7.23, 7.56, 7.90, 8.25, 8.60, 8.95
-9.57, -9.47, -9.36, -9.24, -9.13, -9.02, -8.92, -8.84, -8.78, -8.74, -8.72, -8.72, -8.73, -8.75, -8.78, -8.79, -8.81, -8.82, -8.84, -8.85, -8.86, -8.86, -8.84, -8.82, -8.77, -8.71, -8.62, -8.51, -8.38, -8.23, -8.05, -7.86, -7.67, -7.46, -7.25, -7.04, -6.83, -6.63, -6.44, -6.25, -6.05, -5.84, -5.62, -5.39, -5.14, -4.88, -4.62, -4.36, -4.10, -3.85, -3.61, -3.39, -3.19, -3.00, -2.83, -2.66, -2.51, -2.37, -2.23, -2.08, -1.94, -1.79, -1.64, -1.49, -1.34, -1.20, -1.06, -0.92, -0.76, -0.58, -0.38, -0.15, 0.10, 0.38, 0.69, 1.03, 1.38, 1.76, 2.14, 2.53, 2.92, 3.31, 3.68, 4.03, 4.36, 4.67, 4.95, 5.21, 5.45, 5.69, 5.94, 6.20, 6.48, 6.79, 7.11, 7.45, 7.80, 8.16, 8.51, 8.86
-9.57, -9.46, -9.34, -9.22, -9.10, -8.98, -8.89, -8.81, -8.76, -8.73, -8.72, -8.73, -8.76, -8.79, -8.83, -8.87, -8.90, -8.93, -8.97, -9.00, -9.03, -9.05, -9.06, -9.05, -9.02, -8.97, -8.88, -8.77, -8.63, -8.47, -8.28, -8.07, -7.85, -7.62, -7.39, -7.16, -6.93, -6.71, -6.50, -6.29, -6.07, -5.85, -5.61, -5.35, -5.08, -4.80, -4.52, -4.24, -3.96, -3.70, -3.45, -3.22, -3.01, -2.82, -2.64, -2.49, -2.34, -2.21, -2.08, -1.95, -1.81, -1.68, -1.54, -1.39, -1.25, -1.12, -0.99, -0.86, -0.71, -0.55, -0.37, -0.17, 0.06, 0.32, 0.61, 0.92, 1.26, 1.61, 1.98, 2.36, 2.74, 3.12, 3.48, 3.83, 4.16, 4.47, 4.76, 5.02, 5.27, 5.51, 5.76, 6.03, 6.32, 6.63, 6.96, 7.31, 7.66, 8.03, 8.39, 8.75
-9.58, -9.46, -9.33, -9.20, -9.07, -8.96, -8.87, -8.79, -8.75, -8.72, -8.73, -8.75, -8.79, -8.84, -8.89, -8.94, -8.98, -9.03, -9.08, -9.14, -9.19, -9.23, -9.25, -9.26, -9.24, -9.20, -9.12, -9.00, -8.86, -8.69, -8.48, -8.26, -8.02, -7.77, -7.51, -7.26, -7.01, -6.78, -6.55, -6.32, -6.09, -5.85, -5.59, -5.32, -5.03, -4.73, -4.43, -4.12, -3.83, -3.55, -3.29, -3.05, -2.84, -2.65, -2.47, -2.32, -2.18, -2.06, -1.94, -1.81, -1.69, -1.56, -1.43, -1.29, -1.16, -1.03, -0.91, -0.79, -0.66, -0.52, -0.36, -0.17, 0.03, 0.27, 0.53, 0.82, 1.13, 1.47, 1.82, 2.18, 2.55, 2.92, 3.28, 3.62, 3.95, 4.26, 4.54, 4.81, 5.06, 5.31, 5.56, 5.83, 6.13, 6.44, 6.78, 7.13, 7.50, 7.87, 8.24, 8.61
-9.59, -9.46, -9.32, -9.19, -9.06, -8.95, -8.85, -8.78, -8.74, -8.73, -8.74, -8.77, -8.82, -8.88, -8.95, -9.00, -9.06, -9.12, -9.19, -9.26, -9.33, -9.38, -9.42, -9.44, -9.44, -9.39, -9.32, -9.21, -9.06, -8.87, -8.66, -8.42, -8.16, -7.89, -7.62, -7.35, -7.08, -6.83, -6.59, -6.35, -6.11, -5.85, -5.58, -5.29, -4.98, -4.66, -4.34, -4.03, -3.72, -3.43, -3.15, -2.91, -2.69, -2.49, -2.32, -2.17, -2.04, -1.92, -1.80, -1.69, -1.57, -1.45, -1.33, -1.20, -1.07, -0.95, -0.84, -0.72, -0.61, -0.48, -0.34, -0.18, 0.01, 0.22, 0.46, 0.73, 1.02, 1.33, 1.66, 2.01, 2.36, 2.72, 3.06, 3.40, 3.73, 4.03, 4.31, 4.58, 4.83, 5.08, 5.34, 5.61, 5.91, 6.23, 6.57, 6.94, 7.31, 7.69, 8.07, 8.44
-9.60, -9.47, -9.33, -9.19, -9.05, -8.94, -8.85, -8.78, -8.74, -8.74, -8.75, -8.80, -8.85, -8.92, -9.00, -9.06, -9.13, -9.21, -9.29, -9.37, -9.45, -9.52, -9.57, -9.60, -9.60, -9.56, -9.49, -9.37, -9.22, -9.03, -8.80, -8.55, -8.28, -8.00, -7.71, -7.42, -7.14, -6.88, -6.62, -6.37, -6.12, -5.85, -5.57, -5.26, -4.94, -4.61, -4.28, -3.94, -3.62, -3.32, -3.04, -2.78, -2.56, -2.36, -2.19, -2.04, -1.91, -1.80, -1.69, -1.58, -1.47, -1.36, -1.24, -1.11, -0.99, -0.87, -0.77, -0.66, -0.56, -0.45, -0.32, -0.18, -0.02, 0.17, 0.39, 0.63, 0.90, 1.19, 1.50, 1.83, 2.17, 2.51, 2.84, 3.17, 3.49, 3.79, 4.07, 4.34, 4.59, 4.83, 5.09, 5.37, 5.67, 6.00, 6.34, 6.71, 7.09, 7.48, 7.87, 8.25
-9.62, -9.48, -9.33, -9.19, -9.06, -8.95, -8.85, -8.79, -8.76, -8.75, -8.78, -8.82, -8.89, -8.97, -9.05, -9.12, -9.20, -9.28, -9.37, -9.46, -9.54, -9.62, -9.68, -9.72, -9.72, -9.69, -9.62, -9.50, -9.34, -9.15, -8.92, -8.65, -8.37, -8.08, -7.78, -7.48, -7.19, -6.91, -6.65, -6.39, -6.13, -5.85, -5.56, -5.24, -4.91, -4.57, -4.22, -3.88, -3.55, -3.24, -2.95, -2.69, -2.46, -2.26, -2.09, -1.94, -1.81, -1.70, -1.60, -1.49, -1.39, -1.28, -1.16, -1.04, -0.92, -0.81, -0.71, -0.62, -0.52, -0.42, -0.31, -0.19, -0.04, 0.12, 0.32, 0.54, 0.78, 1.06, 1.35, 1.66, 1.98, 2.30, 2.62, 2.94, 3.25, 3.54, 3.82, 4.08, 4.33, 4.58, 4.83, 5.11, 5.41, 5.74, 6.09, 6.47, 6.86, 7.25, 7.65, 8.04
-9.64, -9.50, -9.35, -9.21, -9.07, -8.96, -8.87, -8.81, -8.78, -8.78, -8.80, -8.86, -8.93, -9.01, -9.09, -9.17, -9.25, -9.34, -9.43, -9.53, -9.62, -9.71, -9.77, -9.81, -9.82, -9.79, -9.72, -9.60, -9.44, -9.24, -9.00, -8.73, -8.44, -8.14, -7.83, -7.52, -7.22, -6.94, -6.67, -6.40, -6.13, -5.85, -5.55, -5.23, -4.89, -4.54, -4.18, -3.83, -3.49, -3.18, -2.88, -2.62, -2.39, -2.18, -2.01, -1.87, -1.74, -1.63, -1.53, -1.43, -1.33, -1.22, -1.11, -0.99, -0.87, -0.77, -0.67, -0.58, -0.50, -0.41, -0.32, -0.21, -0.08, 0.07, 0.25, 0.44, 0.67, 0.92, 1.19, 1.48, 1.78, 2.09, 2.40, 2.71, 3.01, 3.29, 3.56, 3.82, 4.06, 4.31, 4.56, 4.84, 5.14, 5.47, 5.83, 6.20, 6.60, 7.00, 7.41, 7.81
-9.66, -9.52, -9.37, -9.23, -9.09, -8.98, -8.89, -8.83, -8.80, -8.80, -8.84, -8.89, -8.96, -9.04, -9.13, -9.22, -9.30, -9.39, -9.49, -9.59, -9.68, -9.77, -9.84, -9.88, -9.89, -9.86, -9.79, -9.67, -9.50, -9.30, -9.06, -8.78, -8.49, -8.18, -7.86, -7.55, -7.25, -6.96, -6.68, -6.41, -6.14, -5.85, -5.54, -5.22, -4.87, -4.52, -4.16, -3.80, -3.46, -3.14, -2.84, -2.58, -2.34, -2.14, -1.97, -1.82, -1.70, -1.59, -1.49, -1.39, -1.29, -1.19, -1.08, -0.96, -0.85, -0.74, -0.65, -0.57, -0.49, -0.41, -0.33, -0.23, -0.12, 0.01, 0.17, 0.35, 0.55, 0.79, 1.04, 1.31, 1.59, 1.89, 2.18, 2.48, 2.76, 3.04, 3.30, 3.55, 3.79, 4.03, 4.28, 4.56, 4.86, 5.19, 5.55, 5.93, 6.33, 6.74, 7.16, 7.57
-9.68, -9.54, -9.39, -9.25, -9.12, -9.01, -8.92, -8.86, -8.83, -8.84, -8.87, -8.92, -9.00, -9.08, -9.17, -9.25, -9.34, -9.43, -9.53, -9.63, -9.73, -9.82, -9.89, -9.93, -9.94, -9.91, -9.83, -9.71, -9.54, -9.34, -9.09, -8.81, -8.51, -8.20, -7.88, -7.57, -7.26, -6.96, -6.69, -6.41, -6.14, -5.85, -5.54, -5.21, -4.86, -4.50, -4.14, -3.78, -3.44, -3.12, -2.82, -2.55, -2.32, -2.11, -1.94, -1.80, -1.67, -1.57, -1.47, -1.38, -1.28, -1.17, -1.06, -0.95, -0.84, -0.74, -0.65, -0.57, -0.50, -0.43, -0.35, -0.27, -0.17, -0.05, 0.09, 0.25, 0.44, 0.65, 0.89, 1.14, 1.41, 1.68, 1.96, 2.24, 2.52, 2.78, 3.04, 3.28, 3.52, 3.75, 4.00, 4.27, 4.57, 4.90, 5.26, 5.64, 6.05, 6.47, 6.90, 7.32
-9.69, -9.56, -9.41, -9.27, -9.14, -9.03, -8.95, -8.89, -8.86, -8.86, -8.90, -8.95, -9.03, -9.11, -9.20, -9.29, -9.37, -9.47, -9.57, -9.67, -9.77, -9.85, -9.92, -9.96, -9.97, -9.94, -9.86, -9.74, -9.57, -9.36, -9.11, -8.83, -8.53, -8.21, -7.89, -7.57, -7.26, -6.97, -6.69, -6.41, -6.13, -5.84, -5.53, -5.20, -4.85, -4.49, -4.13, -3.77, -3.42, -3.10, -2.80, -2.54, -2.30, -2.10, -1.93, -1.78, -1.66, -1.56, -1.46, -1.37, -1.27, -1.17, -1.06, -0.95, -0.84, -0.74, -0.65, -0.58, -0.51, -0.45, -0.38, -0.31, -0.22, -0.12, 0.01, 0.15, 0.32, 0.52, 0.73, 0.97, 1.22, 1.48, 1.75, 2.01, 2.28, 2.53, 2.78, 3.01, 3.24, 3.47, 3.71, 3.98, 4.28, 4.61, 4.97, 5.36, 5.77, 6.19, 6.63, 7.06
-9.70, -9.57, -9.42, -9.29, -9.16, -9.05, -8.96, -8.91, -8.88, -8.89, -8.92, -8.98, -9.06, -9.14, -9.23, -9.32, -9.41, -9.50, -9.60, -9.70, -9.80, -9.89, -9.95, -9.99, -10.00, -9.97, -9.89, -9.76, -9.59, -9.38, -9.13, -8.85, -8.54, -8.23, -7.90, -7.58, -7.27, -6.97, -6.69, -6.41, -6.13, -5.84, -5.52, -5.19, -4.84, -4.48, -4.11, -3.75, -3.41, -3.08, -2.79, -2.52, -2.28, -2.08, -1.91, -1.77, -1.65, -1.55, -1.45, -1.36, -1.27, -1.17, -1.06, -0.95, -0.84, -0.74, -0.66, -0.59, -0.53, -0.47, -0.41, -0.35, -0.28, -0.19, -0.08, 0.05, 0.20, 0.38, 0.58, 0.80, 1.03, 1.28, 1.53, 1.78, 2.03, 2.28, 2.52, 2.74, 2.97, 3.19, 3.43, 3.69, 3.99, 4.31, 4.68, 5.07, 5.48, 5.92, 6.36, 6.80
